"region","name","alpha_admission","alpha_D","alpha_death_hosp","alpha_H","beta1","beta10","beta11","beta12","beta13","beta14","beta15","beta16","beta17","beta18","beta19","beta2","beta20","beta21","beta22","beta23","beta24","beta25","beta26","beta27","beta28","beta29","beta3","beta30","beta31","beta32","beta33","beta34","beta35","beta36","beta4","beta5","beta6","beta7","beta8","beta9","mu_D","mu_D_2","mu_D_3","mu_D_4","mu_D_5","mu_gamma_H","mu_gamma_H_2","mu_gamma_H_3","mu_gamma_H_4","p_G_D","p_G_D_2","p_H","p_H_2","p_H_D","p_ICU","p_ICU_2","p_ICU_D","p_NC_15_24","p_NC_25_49","p_NC_50_64","p_NC_65_79","p_NC_80_plus","p_NC_weekend_15_24","p_NC_weekend_25_49","p_NC_weekend_50_64","p_NC_weekend_65_79","p_NC_weekend_80_plus","p_W_D","rel_p_D_alpha","rel_p_D_delta","rel_p_D_omicron","rel_p_H_alpha","rel_p_H_delta","rel_p_H_omicron","rel_p_ICU_alpha","rel_p_ICU_delta","rel_p_ICU_omicron","rho_pillar2_tests","seed_date_alpha","seed_date_delta","seed_date_omicron","start_date","ta_alpha","ta_delta","ta_omicron"
"east_of_england","alpha_admission",2.28336189174921e-05,-3.13912102069672e-06,4.08551980199807e-06,-4.57409780338274e-07,4.36714726758517e-07,4.21962550377052e-08,-2.21389486872754e-07,-1.02578508528954e-07,-1.68430005733857e-08,4.71273754511086e-08,8.5051310196071e-08,-6.08815413287439e-08,5.38832638608171e-09,-4.10715571750176e-07,1.61834561654918e-07,5.93216327859626e-07,-2.27390780732107e-07,1.98568618989843e-07,-2.0343809619428e-07,-1.15740752348472e-07,4.87824993829525e-08,-1.48568312496969e-07,2.34840195211365e-08,-2.01555121132618e-06,0,0,3.80521406361155e-08,0,0,0,0,0,0,0,-1.34240768393953e-09,-9.74607235100305e-08,1.09597036034645e-07,-3.90911558419637e-07,5.29805960702096e-07,-3.03573441624815e-07,3.57263790073675e-06,2.62885368377164e-06,-7.90326058998408e-06,-2.43560471239617e-06,0,2.29130545790853e-05,2.16824817599441e-06,6.87175635009092e-07,3.88925208288924e-06,7.06177754127131e-06,-4.74550857419011e-07,2.97027781132314e-06,0,-8.81768224981587e-07,1.05662825317631e-06,2.24055781616847e-07,4.66386007762173e-06,-5.82419878494592e-08,-1.02120762983688e-07,-7.57278461548664e-08,-6.02835182386272e-08,-9.51713768859732e-08,-4.64693561830188e-08,-6.82084223067185e-08,-2.25725778056836e-08,-3.50626069656382e-08,-3.90245343971533e-08,-2.10531268895374e-06,4.76398862007111e-05,-4.45268393606339e-06,0,3.20479948100616e-05,-6.34964655102265e-06,0,3.88354674706481e-06,-1.30671631568534e-05,0,-4.79871364808704e-08,-1.79156719569132e-05,3.57666263742372e-05,0,0.000225728059500584,-2.70795393484434e-06,-3.58724735890137e-06,0
"east_of_england","alpha_D",-3.13912102069672e-06,0.00100968582404521,-4.16229176050049e-06,5.37025388987869e-06,6.13966384877307e-06,-4.57795729145247e-07,1.10030933621233e-06,-1.44247962101794e-06,3.20524954290922e-07,-9.23723664205984e-07,1.72845111185209e-09,-2.75266318021475e-07,5.18654404887943e-08,4.16651758058685e-07,-3.84732969475277e-07,-3.89492159404677e-06,1.05735685885485e-06,1.04540431292908e-06,1.49058796058683e-06,1.55008421983228e-06,8.5045569171036e-07,1.21686530432452e-06,2.15146619595186e-06,-3.62608250922829e-06,0,0,-1.54864211081736e-06,0,0,0,0,0,0,0,3.34375957148355e-07,2.43524664409976e-07,5.97885040021485e-07,-1.72197166692588e-07,1.87711122867683e-07,-9.04456586401574e-07,3.31745757983683e-05,4.01935795305525e-05,0.000123343897108865,-2.11179322410142e-05,0,-8.27095766798703e-05,3.77468926590239e-05,-5.03374358774073e-05,-9.30794155454989e-06,-7.23288726628527e-05,1.21737102175385e-05,-6.90454117663191e-06,0,-4.96252112411629e-06,4.98253676174728e-06,6.46323158383924e-06,-3.83876349836023e-05,-1.95092351101955e-08,-1.10958235097002e-07,-2.64442629874853e-07,3.508674214263e-08,-1.75189970830938e-07,-1.00255608821868e-07,1.77305284080194e-08,-1.05989492486407e-07,3.27640544314738e-08,3.36862285351932e-08,2.54154962379271e-05,-0.000492920142520651,0.000194028519191752,0,8.05043166416252e-05,-2.42038104351782e-05,0,-2.0816210531608e-05,5.38464280397838e-05,0,2.41697670627485e-08,-0.000957492046488975,-0.00231289470353244,0,0.00135043796083527,-6.90953248075605e-06,-6.13057569327942e-05,0
"east_of_england","alpha_death_hosp",4.08551980199807e-06,-4.16229176050049e-06,3.12191071144903e-05,-9.5717787790038e-07,-1.02080430093561e-06,-2.24195406587961e-07,1.60723671663598e-07,-1.46970283967709e-08,-1.76753044962488e-07,2.89410641333869e-08,1.63855197364815e-08,3.24649682742019e-09,-9.11222615633425e-08,1.16581926404653e-08,-2.23962742774928e-07,3.53746264529763e-07,1.6863423701865e-08,-1.36730220811188e-07,1.05559477839891e-07,-1.53281974099014e-07,-1.88612784257371e-07,-1.46755070033074e-07,-2.65793603162889e-07,7.12992102388743e-08,0,0,3.74588925316331e-07,0,0,0,0,0,0,0,-1.73808595317049e-07,9.1272733524527e-08,-2.66937304719915e-07,1.54455243635311e-07,-2.92259857871029e-07,2.38613835305171e-07,9.90224871865045e-06,1.13785007750773e-05,2.42221771271153e-06,2.6070075131707e-05,0,2.30826455721494e-05,-9.16606542130785e-06,-4.96722375587059e-06,7.22356595781492e-07,6.40665944430693e-06,4.07080297556622e-06,2.28152358112332e-06,0,-1.24024074004068e-05,4.13212791564592e-06,6.49355702011282e-07,1.89743672941602e-05,-5.32664381818893e-08,-5.63881630419307e-08,-5.3302602687486e-08,-3.45105010655408e-08,-6.34008787112679e-08,-4.03087051292772e-08,-5.86217426225133e-08,-3.40977354461287e-08,-2.26547022210697e-08,-3.11139614524024e-08,2.22679227240568e-06,-6.58580140204126e-05,-5.84977390688497e-06,0,6.01824393063657e-05,-1.79022385950328e-05,0,-9.03246582807124e-06,6.89287363706455e-07,0,-2.05163617298269e-08,-1.65929492026386e-05,0.000172809728003222,0,-0.000164098294030088,-2.05212481652063e-06,1.07400649328924e-06,0
"east_of_england","alpha_H",-4.57409780338274e-07,5.37025388987869e-06,-9.5717787790038e-07,3.10215644755236e-06,7.6764120152329e-08,-8.69579325438254e-08,1.72252684513704e-08,8.84895050279274e-09,1.07746562355067e-08,7.63822246246886e-08,-3.35532105830544e-08,-1.84618712505462e-08,1.15153970038306e-08,-1.70090432535134e-07,1.05563335489369e-07,-1.50734148322769e-06,-1.78209795844653e-08,2.06860732204886e-07,-1.46261033027162e-07,-1.59554801363227e-07,8.96651154246011e-08,2.724601570285e-08,9.62425316382652e-08,-1.02325445906738e-08,0,0,-1.06074355037169e-07,0,0,0,0,0,0,0,7.04040391039053e-08,-1.4343058060424e-07,2.20124952150397e-07,1.00300622143112e-07,2.12713318162357e-08,-1.9843538930978e-07,4.0292912204346e-07,3.3513880301785e-06,2.69137039170691e-06,-1.06127051193707e-06,0,-3.12979285451503e-06,2.71597054979383e-06,-2.24888029148956e-06,-5.06667747591713e-06,-6.76772653459726e-07,6.0047983468563e-07,1.54810375144482e-07,0,-9.03151982576486e-07,-1.65228624974603e-06,2.93205094965486e-08,-3.841715542014e-06,9.86351888304394e-09,5.92281635547318e-09,-3.55711621824602e-10,-9.57102005135165e-10,-8.17133456036566e-09,-2.12954718201713e-09,4.27518575162308e-09,1.64608895191916e-09,1.99052370693296e-09,-5.58323871791669e-09,-7.39422769055956e-07,-6.77078822394473e-06,1.23801513632324e-06,0,-7.52848743184304e-06,7.85958634415286e-06,0,-1.40213618592145e-06,-8.38957568726255e-06,0,-4.74797822264641e-08,7.86571039844603e-05,-7.50568761345288e-06,0,-9.94349714701531e-05,1.1566154864832e-06,-3.17389419663451e-06,0
"east_of_england","beta1",4.36714726758517e-07,6.13966384877307e-06,-1.02080430093561e-06,7.6764120152329e-08,2.95045258869437e-06,8.32268502023001e-08,-9.21233393120719e-08,5.34034990151633e-08,-9.30509708167043e-09,2.66455528686821e-08,6.52666576337922e-08,9.85619349527864e-09,-1.00381036448059e-08,6.59737522439867e-08,-6.44787814596559e-08,-3.2027562182298e-06,1.22623172476591e-07,1.21316769887259e-07,1.05129356093715e-07,3.89357882042574e-08,1.2293417394548e-07,1.28273338901934e-07,2.08875903968889e-07,-1.1703113399114e-06,0,0,6.67529117342e-08,0,0,0,0,0,0,0,-1.83717382711365e-08,-7.70912930278061e-09,-4.67339053022497e-08,8.11056082196164e-08,-2.0523861121828e-08,-4.54130450456314e-08,3.4251873055106e-06,2.38350323044737e-07,-9.94266680637213e-07,4.41662973649802e-06,0,-5.50486258224024e-06,2.73002701485437e-06,1.90769523417566e-06,5.11365945144429e-06,-2.51381717059456e-07,1.43594458178023e-07,-8.7168024423932e-07,0,5.13537435343534e-07,-5.61683258976457e-07,4.97940692029295e-07,-4.88956521386113e-06,1.7571797052964e-09,4.22991792800685e-09,4.1580900011139e-09,1.28645333513766e-08,6.37058182483084e-09,-1.38553540638788e-09,-4.85331486592133e-09,7.48864916452047e-09,7.74336203922713e-09,6.41396488178213e-09,4.28257407807075e-06,3.16808582846888e-07,2.22554379223353e-07,0,1.3825742207129e-06,-6.65071417878907e-06,0,-3.61383751074004e-06,1.181923194983e-05,0,-6.40363782775201e-09,-1.80667615657568e-05,-0.000228840585564181,0,0.000728827153174957,-5.09115531804627e-07,-4.45779418737551e-06,0
"east_of_england","beta10",4.21962550377052e-08,-4.57795729145247e-07,-2.24195406587961e-07,-8.69579325438254e-08,8.32268502023001e-08,6.20624059132396e-07,-6.58699133888246e-07,1.74474500613744e-07,-6.45835864104437e-08,5.46368173787469e-08,-1.86984950823363e-08,-5.40055929801351e-09,-4.4153848732024e-09,1.05568938098662e-08,-1.15502498672405e-08,-1.18846861303969e-08,-6.25333021829834e-09,-1.84150899620664e-09,1.54038623359223e-08,-3.54501293058354e-08,1.16128265568269e-08,-8.42107840550091e-10,-1.40388061031457e-08,1.01664219849612e-07,0,0,-2.15069261899123e-10,0,0,0,0,0,0,0,5.8366851058425e-09,-1.64548427326803e-08,5.73155129080078e-08,-9.23222957989951e-08,2.90936331113642e-07,-6.56235105726064e-07,-4.14236725782535e-07,8.96150980020261e-07,6.70569181753439e-07,1.52104431172769e-06,0,-1.3197296003729e-06,1.25284411439954e-07,4.29667787276319e-07,-8.53183444340325e-08,-4.43606789150741e-07,1.63097962472077e-07,-1.28721739439321e-07,0,-5.53417674760516e-07,-3.2746084900635e-07,2.87328194499538e-09,-2.5891765288728e-07,3.46487916725842e-09,2.15352653789274e-09,-1.23714952767199e-09,4.76314926966789e-09,1.10625275332215e-09,2.05323626724166e-09,8.66913370824467e-10,9.45774458583122e-10,-4.26973095954025e-11,5.81406825874957e-09,1.76002555623397e-07,-3.71828805212609e-06,-3.87371748509292e-07,0,-2.03383409198338e-07,3.84188349458382e-08,0,1.59410478492255e-07,-1.40384526377615e-06,0,5.71745700846931e-10,1.2212192932559e-05,-2.18483534674025e-05,0,2.40156710500999e-05,3.35886429134386e-07,-9.58626518876164e-08,0
"east_of_england","beta11",-2.21389486872754e-07,1.10030933621233e-06,1.60723671663598e-07,1.72252684513704e-08,-9.21233393120719e-08,-6.58699133888246e-07,1.24877925828908e-06,-5.05265121158523e-07,2.05287138342751e-07,-1.61731285303676e-07,3.08259789916187e-08,4.65861839371846e-09,-1.50445968221307e-09,-1.76463545505188e-08,1.09799099392531e-08,-8.17443269874174e-08,9.50827754190928e-09,1.44530470115209e-08,-2.65238286985858e-08,6.0954191053658e-08,-1.21155682548361e-08,1.43373654480718e-08,2.78740231221277e-08,-1.45231745730832e-07,0,0,1.17748736754231e-08,0,0,0,0,0,0,0,-6.71247539368069e-10,1.43853074725376e-08,-5.23149122770513e-08,8.292248527353e-08,-1.76066858255436e-07,5.03986935483708e-07,9.6176755498031e-07,-1.21356597648519e-06,-1.11724417316362e-06,-2.26610372517129e-06,0,2.3760729991058e-06,-6.418699237973e-07,-1.16604618271295e-06,-2.26695620914543e-07,5.0925568511834e-07,-3.65365557052345e-07,-7.6267426634842e-07,0,4.88075779068839e-07,-1.03173906651437e-07,8.13352106896165e-09,4.26570635242602e-07,-1.6854702550811e-09,3.37293853349687e-09,6.27699311712696e-09,-4.50312302458137e-09,5.89930025280871e-09,-8.39040335863131e-10,3.69762453022268e-09,1.46506371038178e-09,1.4910984781856e-09,-3.77152766531896e-10,-2.31751411751467e-06,6.30526328928079e-06,2.87502664551552e-07,0,2.50355612254585e-06,-3.15969859075724e-07,0,-4.36490144043124e-09,1.33759090237294e-06,0,-3.79158028092401e-09,9.90495945398443e-05,2.20855005800274e-05,0,-4.08084026091733e-05,4.19517876296978e-07,-3.73681565810995e-07,0
"east_of_england","beta12",-1.02578508528954e-07,-1.44247962101794e-06,-1.46970283967709e-08,8.84895050279274e-09,5.34034990151633e-08,1.74474500613744e-07,-5.05265121158523e-07,4.52011152683587e-07,-2.64755259933481e-07,2.22042639393767e-07,-9.18460059102909e-08,-2.72497824226986e-09,-6.72908304268019e-09,-1.34796170385279e-08,-6.35777568639463e-09,1.56267577864353e-08,-1.53189698652753e-08,-2.47913853036965e-08,4.35992403162513e-10,-4.46170168729255e-08,-6.43075033091675e-09,-1.75813567923991e-08,-1.80927474814035e-08,2.51385309856037e-08,0,0,4.04022005233035e-10,0,0,0,0,0,0,0,-2.50949799331244e-09,1.04147767538919e-08,-2.17293214596342e-09,1.10660324681203e-08,2.78123830474867e-08,-1.21606344559557e-07,-7.85392208372114e-07,5.88552911377683e-07,5.03252534140586e-07,1.14306524709288e-06,0,-7.06349728519641e-07,-1.05558459434895e-07,1.7163746484942e-06,3.09934522340745e-07,1.34930332965233e-08,2.49301439524926e-07,-4.2072480992889e-07,0,-2.36844209709482e-07,-1.22479564318765e-07,1.08748820598048e-07,-2.56716413370902e-09,3.5549557835668e-09,7.83553217175945e-10,2.42491954479826e-09,4.33170062348117e-09,5.5370669208972e-09,2.69012944760397e-09,2.21229980153997e-10,1.2819901496346e-09,3.81050742795585e-10,-1.42714880042492e-11,1.50808192966646e-06,-3.99375425844139e-06,6.74022708994698e-07,0,5.42492296907672e-07,-5.41581775464133e-07,0,-1.26614330160799e-06,8.74312150377369e-07,0,-5.80925119048877e-10,1.75581387912404e-05,1.52112850138791e-05,0,1.17133099713677e-05,6.12643681136922e-07,5.69524867156321e-07,0
"east_of_england","beta13",-1.68430005733857e-08,3.20524954290922e-07,-1.76753044962488e-07,1.07746562355067e-08,-9.30509708167043e-09,-6.45835864104437e-08,2.05287138342751e-07,-2.64755259933481e-07,2.70623265383434e-07,-2.46983419536571e-07,1.40522084322128e-07,8.48728389017306e-09,1.91097828552051e-08,3.16749818880739e-08,8.13610458994119e-09,-1.84273972029625e-08,3.73088138197489e-08,1.65573335627939e-08,3.18071390044377e-08,4.69998243262102e-08,1.67664184915268e-08,3.56459070403086e-08,2.83663466113952e-08,-3.71938699687148e-08,0,0,-3.46905338934038e-09,0,0,0,0,0,0,0,3.36300813653239e-09,-5.22578849582045e-10,-4.18024363314443e-09,-4.82991466043414e-09,-9.79265510729683e-09,5.87213290159298e-08,-4.23927926076685e-08,4.63627574605721e-07,2.59979865921304e-07,3.12941541930463e-07,0,-6.0201158248141e-08,4.14819934708038e-07,-1.00652203818277e-06,1.43432739693544e-07,-2.45022321606973e-08,9.04084186065288e-08,5.55061750499349e-08,0,7.93084618586718e-08,1.14943247269362e-08,2.43471553324302e-08,9.69022999125341e-07,-1.03138196205018e-10,4.38815710656181e-09,1.18614487162017e-09,8.06692634315844e-10,-1.50610976561527e-10,3.7314808737054e-10,2.26325858442591e-09,7.34457151756637e-10,2.31411331689207e-09,3.21123720334559e-09,-7.42338660733464e-07,-1.54670748774903e-06,-1.10328709268979e-06,0,-1.63627494937078e-06,5.51671187317441e-07,0,4.30544237613128e-07,-4.42861887816797e-07,0,5.02641963266678e-09,-7.84374830824493e-06,-1.90441846527905e-05,0,-4.78023981241267e-06,-8.34866904075997e-07,-3.74555853272075e-07,0
"east_of_england","beta14",4.71273754511086e-08,-9.23723664205984e-07,2.89410641333869e-08,7.63822246246886e-08,2.66455528686821e-08,5.46368173787469e-08,-1.61731285303676e-07,2.22042639393767e-07,-2.46983419536571e-07,5.4993912395719e-07,-2.83484738852711e-07,6.890250885726e-08,1.73791528909865e-08,8.17466244944929e-08,5.59901421987109e-08,-1.76628740448205e-08,3.42365659342547e-08,5.74878013053205e-08,3.02746128664366e-08,5.08208414433389e-08,4.84308574405853e-08,4.71635872070638e-08,4.6784809178378e-08,2.09091436102385e-07,0,0,8.75922869780686e-09,0,0,0,0,0,0,0,-1.6956255000283e-09,1.81280804333617e-10,3.77204916179257e-08,-9.62673195016943e-09,3.97293554992763e-08,-6.49576667007063e-08,3.80622555262515e-07,-6.33876828475751e-07,-3.69484173755074e-07,-7.9836693556098e-07,0,-2.90436229773303e-07,-8.82946935326528e-07,7.047466972185e-07,-4.05904740087923e-07,-9.07363635679523e-08,-1.32891698330456e-07,-9.09214078713192e-07,0,8.38754525324025e-08,-2.97114158835406e-07,2.78298587426118e-08,-4.54871108677284e-07,3.59831122030962e-09,7.89387577455418e-11,-7.9658632638958e-10,1.81527274006177e-09,4.58365135186248e-09,2.33974233075725e-09,2.41235733952637e-09,2.26510966100128e-09,-8.55917318454231e-10,-1.64607553689726e-09,9.83527437830651e-07,1.87712456643189e-06,1.52162527767632e-06,0,4.1244840429269e-06,-5.98404315920905e-07,0,-1.08034874606061e-06,5.08109157396476e-07,0,-8.73922359109145e-09,-0.000116035310250864,1.17603212372936e-05,0,-1.24966057319914e-06,-2.05968351660123e-06,3.18507110006295e-07,0
"east_of_england","beta15",8.5051310196071e-08,1.72845111185209e-09,1.63855197364815e-08,-3.35532105830544e-08,6.52666576337922e-08,-1.86984950823363e-08,3.08259789916187e-08,-9.18460059102909e-08,1.40522084322128e-07,-2.83484738852711e-07,4.66714554702674e-07,-2.19136784456892e-08,7.96787502942027e-08,8.38928620033689e-09,6.68903966402669e-08,-4.43306466259474e-08,5.29008207321739e-08,1.98591047152267e-08,1.06531049399116e-07,-4.88222527388994e-09,4.97726927879828e-08,4.25560690608564e-08,5.01131740190431e-08,-2.76935085674874e-08,0,0,4.97376302824945e-09,0,0,0,0,0,0,0,-3.08012253436953e-09,3.35077993904737e-09,-1.36799970251501e-08,1.92289916993177e-08,-1.97022537517525e-08,1.88696697432189e-08,-7.59134602404278e-08,-6.89594309379099e-08,3.67029584805944e-07,3.13085047461433e-07,0,-1.8976747528845e-06,2.83388219707942e-07,-5.35454853327852e-07,-3.49920079984515e-08,2.69863700050131e-07,8.67645233140577e-08,-1.09474841230247e-07,0,-8.35727986020887e-08,-1.46175012106124e-08,2.1488143612229e-08,-6.35782740708417e-07,6.53146067391784e-10,1.786547560164e-09,2.93459301369145e-09,3.30482037495595e-09,-2.46670153142899e-09,-1.74147171970748e-10,-1.39699384944416e-10,1.13436501410037e-09,2.53473217768085e-09,-9.95062638746437e-10,3.1075769061135e-07,-9.92258749501311e-07,-5.89506035526391e-07,0,5.97402780080564e-07,-5.59823506972376e-07,0,-3.97634317526965e-07,3.90353283387066e-07,0,-4.03377312259807e-09,-0.000113475692802298,3.20422142197762e-05,0,1.81478946405587e-05,-2.28846941190252e-06,3.52750472732916e-07,0
"east_of_england","beta16",-6.08815413287439e-08,-2.75266318021475e-07,3.24649682742019e-09,-1.84618712505462e-08,9.85619349527864e-09,-5.40055929801351e-09,4.65861839371846e-09,-2.72497824226986e-09,8.48728389017306e-09,6.890250885726e-08,-2.19136784456892e-08,5.32254413154421e-08,7.28454565973517e-09,8.3462644300515e-08,2.61501936172955e-08,-1.13696415147375e-08,4.02572788973314e-08,2.74458525807481e-08,3.70871373196923e-08,3.98252196118285e-08,2.94299411337394e-08,4.09192602001224e-08,3.59016033263992e-08,8.39641865422543e-08,0,0,8.05124894761405e-09,0,0,0,0,0,0,0,4.25761777383481e-10,6.75826167254292e-10,7.18631965040948e-09,-4.80647761698015e-09,1.46088357488401e-08,1.40510984828054e-09,-1.32086551205298e-07,-4.64766229442248e-07,-5.21271234106347e-07,-3.91621992899683e-07,0,2.7035932114037e-07,-5.39397264568821e-07,2.20358809703163e-07,9.28737325829246e-09,-3.59006173517645e-08,-9.07157296662554e-08,-5.33173502254068e-07,0,3.09743937393865e-07,-4.79051913219758e-08,4.74848026700717e-08,6.66193276747498e-07,1.97998888911708e-09,3.8339027515616e-09,1.95695047742e-09,1.85601158558968e-09,1.57644706898279e-09,1.13017638069482e-09,1.44204550160894e-09,2.01993323692843e-09,9.63893205583206e-10,9.82902151126363e-10,4.60515145598142e-07,1.65205237350037e-06,-3.01026313195816e-07,0,1.46828703608492e-06,-4.29936318206192e-07,0,-4.4069086100654e-07,3.02321607359847e-07,0,-6.28895445221777e-10,-9.14994240144727e-05,6.76899763719604e-06,0,-1.25434800694816e-07,-1.66032559688408e-06,3.85740406371275e-07,0
"east_of_england","beta17",5.38832638608171e-09,5.18654404887943e-08,-9.11222615633425e-08,1.15153970038306e-08,-1.00381036448059e-08,-4.4153848732024e-09,-1.50445968221307e-09,-6.72908304268019e-09,1.91097828552051e-08,1.73791528909865e-08,7.96787502942027e-08,7.28454565973517e-09,6.022323412002e-08,-2.27928318204873e-08,6.47266253295442e-08,3.38295956333684e-08,2.08252638546377e-08,3.60161584816458e-08,3.534641248319e-08,4.08135899502519e-08,2.79843857912676e-08,3.99945187160057e-08,2.86687309119123e-08,9.4750635465242e-08,0,0,-2.31002303448786e-09,0,0,0,0,0,0,0,4.11671140238237e-09,-2.54252522976236e-09,1.38733208590278e-08,-5.82283318000276e-09,7.99826163657221e-09,2.64873974397421e-09,1.09839893085334e-07,-2.69782353560773e-07,4.40424991824044e-07,-2.96985131258154e-07,0,-2.80510298200355e-07,-4.11903126964881e-07,-3.14235692248073e-07,-4.6165028712867e-07,4.19472242159233e-08,7.64350439759714e-08,-4.23002522866459e-07,0,4.37623463813678e-08,1.44154405933272e-08,-2.40345724501209e-08,1.49227431762684e-07,1.84123948183748e-09,1.4953795622058e-09,1.50751574541104e-09,1.80610175211168e-09,2.19174115251684e-09,8.16598250739182e-10,1.38913974106416e-09,8.8329370510208e-10,8.00728781026396e-10,5.69176665185988e-10,1.03488793089465e-07,-1.12541702679612e-06,1.80217220824246e-07,0,1.06275695635997e-06,3.98280478096728e-07,0,-1.69105299905365e-07,-1.37199742265794e-07,0,-1.43384460002571e-10,-8.71594949660178e-05,1.85824168708002e-05,0,-5.3735460504907e-06,-1.53368402408988e-06,1.77296862851106e-07,0
"east_of_england","beta18",-4.10715571750176e-07,4.16651758058685e-07,1.16581926404653e-08,-1.70090432535134e-07,6.59737522439867e-08,1.05568938098662e-08,-1.76463545505188e-08,-1.34796170385279e-08,3.16749818880739e-08,8.17466244944929e-08,8.38928620033689e-09,8.3462644300515e-08,-2.27928318204873e-08,3.73405702166848e-07,-1.47374903205826e-07,-1.07892564379916e-07,1.34982301073703e-07,-4.75574588232078e-08,1.13256274775385e-07,1.77365379108961e-08,4.43314860780651e-08,3.66881880994469e-08,5.38443910951503e-08,7.523713781291e-08,0,0,2.7885631521545e-08,0,0,0,0,0,0,0,-9.48790763556642e-09,1.64097850968527e-08,-2.04354100892853e-08,2.07434046290827e-08,-1.10286486171465e-08,1.65086088002271e-08,-4.34226719720089e-07,-7.64710907670819e-07,-1.71697329475638e-07,4.1912558227038e-07,0,-2.12618413916217e-06,5.38143335747582e-07,-1.84133948692989e-06,9.66956303716715e-07,-2.36289105751878e-07,-7.26026087143849e-08,-8.28847018378143e-07,0,4.44696551895361e-07,-6.29651399945057e-08,4.60086148774622e-08,6.45206789577886e-07,3.86009166048477e-09,9.42631788075238e-09,4.72523922857762e-09,5.84981140218683e-09,4.35835699795381e-09,2.13001854096401e-09,2.86689074259249e-09,3.75022550306806e-09,3.07026061129323e-09,1.45637797060911e-09,5.52439251979734e-07,-1.39264272618013e-07,-8.77110463073701e-07,0,1.74342323955317e-06,-1.30266604793421e-06,0,-4.19170060950039e-07,1.21286429667572e-06,0,5.25992657452999e-09,-0.000149659053822044,-9.84368557503046e-05,0,1.30581594671314e-05,-2.62710025582006e-06,1.59541177937228e-06,0
"east_of_england","beta19",1.61834561654918e-07,-3.84732969475277e-07,-2.23962742774928e-07,1.05563335489369e-07,-6.44787814596559e-08,-1.15502498672405e-08,1.09799099392531e-08,-6.35777568639463e-09,8.13610458994119e-09,5.59901421987109e-08,6.68903966402669e-08,2.61501936172955e-08,6.47266253295442e-08,-1.47374903205826e-07,4.00289452887994e-07,1.80995906930056e-07,-1.76291489614724e-07,1.51839586377078e-07,-1.26082283872039e-07,6.81088443180032e-08,8.4687382719174e-09,1.91344981999565e-08,1.51778286511359e-08,2.50647225465332e-08,0,0,-6.0261598226306e-09,0,0,0,0,0,0,0,6.5514096004872e-09,-8.05544713606284e-09,4.00088955944501e-08,-2.43827096674345e-08,4.99965273662521e-08,-2.61651121820572e-08,1.01001830728393e-07,-3.12768409115139e-07,-3.9836121194082e-07,-1.29687149496622e-06,0,1.62301545112866e-07,2.21345121093965e-08,-9.54253331275965e-07,-6.71635934907627e-07,1.11785536519922e-07,6.58667083110446e-08,-8.71174687509416e-07,0,6.28599436097308e-07,6.40252486203668e-08,7.74643273314579e-08,-4.44754385553664e-07,3.34550346608949e-09,1.61138011723981e-09,3.35008049102184e-09,6.60263442590009e-10,1.03486053951171e-09,1.96671379019663e-09,1.6272313301909e-09,9.71880019948266e-10,1.20885809081296e-09,2.75313240901974e-09,4.91990987544084e-07,7.83161675249894e-08,7.42402711661627e-07,0,2.67845483916397e-06,9.08813728172417e-07,0,-1.0570104277659e-06,-1.40999961865073e-06,0,-6.58866449890339e-09,-0.000118463281672212,0.000231405502681184,0,-1.76580780315217e-05,-2.00086899043189e-06,1.68470920170997e-06,0
"east_of_england","beta2",5.93216327859626e-07,-3.89492159404677e-06,3.53746264529763e-07,-1.50734148322769e-06,-3.2027562182298e-06,-1.18846861303969e-08,-8.17443269874174e-08,1.56267577864353e-08,-1.84273972029625e-08,-1.76628740448205e-08,-4.43306466259474e-08,-1.13696415147375e-08,3.38295956333684e-08,-1.07892564379916e-07,1.80995906930056e-07,1.46362312623225e-05,-1.92281467394739e-07,-2.46581415473633e-07,-1.27045136099517e-07,8.56424574024468e-08,-1.92989808933516e-07,-1.51163874178392e-07,-3.59032368245525e-07,1.03568115690813e-06,0,0,-9.24008764239428e-07,0,0,0,0,0,0,0,3.76262823454406e-07,-2.49452598840364e-07,1.48123032562026e-07,-2.20250300958998e-07,2.24453052169186e-07,5.6301821396805e-08,-2.52999275870416e-06,-2.33869121612996e-06,2.02993849630647e-06,-5.69692749273841e-06,0,3.74868751692603e-06,-3.72750390221504e-06,-2.08863772060242e-06,2.08761134103675e-06,-2.73018843006108e-07,-5.98808941147859e-07,1.37950865202915e-06,0,-2.36546986239995e-08,-2.05235257885667e-06,-8.96088434297111e-07,-2.67419710950194e-06,-1.03676396073932e-08,-1.77487690983161e-08,7.67386630503824e-10,-1.81697450473597e-08,-2.70931706342325e-08,1.16452236210894e-08,-1.27950942892057e-10,-1.59065619232341e-08,-1.21154735840897e-08,-1.16210689014064e-08,-7.0704647481754e-06,2.69517514987481e-06,8.51024823550562e-06,0,-1.63293986485623e-06,5.57813519106987e-06,0,4.1621626215945e-06,-2.89573638874563e-06,0,2.08896086881459e-08,-3.61262711912877e-05,0.000309769129802705,0,-0.000351603742313032,2.11299539871717e-07,6.4621909624598e-06,0
"east_of_england","beta20",-2.27390780732107e-07,1.05735685885485e-06,1.6863423701865e-08,-1.78209795844653e-08,1.22623172476591e-07,-6.25333021829834e-09,9.50827754190928e-09,-1.53189698652753e-08,3.73088138197489e-08,3.42365659342547e-08,5.29008207321739e-08,4.02572788973314e-08,2.08252638546377e-08,1.34982301073703e-07,-1.76291489614724e-07,-1.92281467394739e-07,3.74082007228357e-07,-4.89000189658089e-08,3.86482848426273e-07,1.0304467529496e-07,1.40628045618675e-07,1.82805344199542e-07,1.66246321895596e-07,2.08087889287001e-07,0,0,9.59098460920855e-09,0,0,0,0,0,0,0,-4.39627226147792e-10,4.79282519638254e-09,8.83224210754434e-11,1.80339561503115e-08,-2.9625925734433e-08,2.88323976080223e-08,6.7514340221668e-07,1.16606544167652e-07,5.85921772708016e-07,7.56544152697619e-07,0,-1.39541715036293e-06,4.65571940309381e-07,1.75936946833202e-07,1.09480471244192e-06,-2.134761298829e-08,-5.92116920626728e-08,-4.94845083724403e-07,0,-6.03314060648092e-07,-2.11375208946922e-07,4.28089650611701e-08,4.72044214821667e-07,3.37634173859012e-09,7.85009207901608e-09,3.20028654330077e-09,5.14359659711894e-09,6.20184832980611e-09,2.35868529362568e-09,2.32400661992749e-09,4.88666435771268e-09,2.66527000938108e-09,1.66155928333694e-09,1.20034752140392e-06,-5.4341770817144e-07,1.17696649649458e-07,0,1.00618711951045e-06,-2.50743328550595e-06,0,-3.04967256311923e-07,1.87674449302983e-06,0,-2.4800756414638e-09,-9.01217059642422e-05,-0.000146850137897194,0,2.23476370277368e-05,-1.80538498275269e-06,-5.27642830213951e-06,0
"east_of_england","beta21",1.98568618989843e-07,1.04540431292908e-06,-1.36730220811188e-07,2.06860732204886e-07,1.21316769887259e-07,-1.84150899620664e-09,1.44530470115209e-08,-2.47913853036965e-08,1.65573335627939e-08,5.74878013053205e-08,1.98591047152267e-08,2.74458525807481e-08,3.60161584816458e-08,-4.75574588232078e-08,1.51839586377078e-07,-2.46581415473633e-07,-4.89000189658089e-08,5.50830960085356e-07,-2.66847361327702e-07,4.46471341442863e-07,1.59979850282127e-07,2.52323381684837e-07,2.08387028237879e-07,2.07964551336782e-07,0,0,-4.05609943297187e-09,0,0,0,0,0,0,0,9.52389445341691e-09,-3.05012895682596e-08,5.15809571256601e-08,-3.02416323957107e-08,4.58310677806899e-08,-2.6838863582993e-08,6.41652539990305e-07,-6.7601337706954e-07,6.19804420201898e-07,-7.53146451881621e-07,0,-1.24128863108872e-06,4.69155664286341e-08,9.37229348546979e-07,-1.24947188680364e-06,1.59794570055712e-07,6.58814535928176e-08,-2.57444546748787e-07,0,7.32940557142914e-08,-1.88785704811575e-07,1.68346789343791e-07,-8.43615279398416e-08,2.37578775524846e-09,-1.60765902823351e-09,3.04001889257509e-09,-4.05008622423131e-10,9.06699821819635e-10,-7.26369542444477e-10,1.08939451130746e-09,-9.51876632343798e-10,1.55676499651004e-09,-8.48055255054223e-10,5.50523023094012e-07,-4.71202580794977e-07,8.79791982320247e-07,0,8.77069949260179e-07,4.94213994017044e-07,0,-1.06221877664782e-06,-7.45041024100648e-07,0,-5.88320729218081e-09,-9.53168323524501e-05,-0.000314334408688511,0,1.95690256234868e-05,-1.69418295158479e-06,-8.63251506725136e-06,0
"east_of_england","beta22",-2.0343809619428e-07,1.49058796058683e-06,1.05559477839891e-07,-1.46261033027162e-07,1.05129356093715e-07,1.54038623359223e-08,-2.65238286985858e-08,4.35992403162513e-10,3.18071390044377e-08,3.02746128664366e-08,1.06531049399116e-07,3.70871373196923e-08,3.534641248319e-08,1.13256274775385e-07,-1.26082283872039e-07,-1.27045136099517e-07,3.86482848426273e-07,-2.66847361327702e-07,1.59122079949851e-06,-7.69123587042045e-07,3.06992914042654e-07,1.50772393472716e-07,2.68319677468502e-07,-3.13230246010555e-08,0,0,-1.37174476269319e-09,0,0,0,0,0,0,0,4.23855072350946e-09,1.73056236589099e-08,-1.03989842127277e-08,-1.363857835471e-08,7.64293719871661e-09,2.15215468371797e-08,1.13011680686785e-06,8.14740848459881e-07,1.16798840787288e-06,6.1628976070417e-07,0,-2.98096256081308e-06,8.15583834259218e-08,-1.11218064413955e-06,1.9279402116287e-06,2.39704059168425e-08,-2.64709034033354e-07,-6.20963926089113e-07,0,-1.35357844256943e-06,-1.09097331460896e-07,1.72438443981419e-07,-9.14644328902051e-07,5.27278241405011e-10,2.89876858059889e-09,1.42623317717771e-09,4.26452605930842e-09,1.07387970559968e-09,-2.34439351885971e-10,2.07751627154508e-09,3.84690699853321e-09,1.56229478061989e-09,3.90312818229954e-11,4.89410526242424e-07,-1.21617018132543e-07,3.5500185634874e-07,0,2.47182692069235e-06,-1.06920817098183e-06,0,-2.26724386484172e-06,3.44531161916972e-06,0,5.46612569054853e-09,-0.000106401798505886,-0.000257965483163855,0,1.54810495506033e-05,-2.15137273035024e-06,-6.99145290733506e-06,0
"east_of_england","beta23",-1.15740752348472e-07,1.55008421983228e-06,-1.53281974099014e-07,-1.59554801363227e-07,3.89357882042574e-08,-3.54501293058354e-08,6.0954191053658e-08,-4.46170168729255e-08,4.69998243262102e-08,5.08208414433389e-08,-4.88222527388994e-09,3.98252196118285e-08,4.08135899502519e-08,1.77365379108961e-08,6.81088443180032e-08,8.56424574024468e-08,1.0304467529496e-07,4.46471341442863e-07,-7.69123587042045e-07,1.74341783094411e-06,-1.89166196946484e-07,4.8282013650092e-07,9.01981408944898e-08,8.38875272556322e-07,0,0,2.52026412287128e-08,0,0,0,0,0,0,0,-2.05028304344752e-08,9.75691465500932e-09,3.61491863262028e-08,-1.83533744184244e-08,-4.83937797017346e-08,8.60013086564374e-08,6.90575853076211e-07,-4.61028753784565e-07,1.56589801339712e-06,3.98108156893927e-07,0,-1.15488909073018e-06,5.56507644024179e-07,-2.25475841204862e-07,-1.36440828993758e-06,-7.21836908520367e-08,4.51946840061497e-07,-3.50178243085957e-07,0,-7.65578605434481e-07,-1.21892146004232e-08,-1.04368970285026e-07,2.39138266606231e-06,5.05795565347807e-09,4.87366369168591e-09,7.15221216908042e-09,2.36815832572427e-09,1.15695264679144e-08,2.57505996279258e-09,1.40580820891639e-09,4.20279436099771e-09,4.16291006411785e-09,1.67865027086433e-09,1.43733979053782e-07,-5.54249176390571e-06,-2.56775530919542e-07,0,2.40788405850072e-07,-5.76016355499914e-07,0,2.51788219759877e-06,-3.80399717674427e-06,0,2.24524637658639e-09,-0.000111334220517842,-0.00034132131104098,0,1.81586157234865e-05,-2.011002649464e-06,-9.25808290898796e-06,0
"east_of_england","beta24",4.87824993829525e-08,8.5045569171036e-07,-1.88612784257371e-07,8.96651154246011e-08,1.2293417394548e-07,1.16128265568269e-08,-1.21155682548361e-08,-6.43075033091675e-09,1.67664184915268e-08,4.84308574405853e-08,4.97726927879828e-08,2.94299411337394e-08,2.79843857912676e-08,4.43314860780651e-08,8.4687382719174e-09,-1.92989808933516e-07,1.40628045618675e-07,1.59979850282127e-07,3.06992914042654e-07,-1.89166196946484e-07,3.5148751344317e-07,3.02449802392947e-08,3.00696087674339e-07,-2.14364364243283e-07,0,0,5.40744761889075e-09,0,0,0,0,0,0,0,-1.8376415625785e-09,3.17807324025594e-09,-5.68865771509458e-09,2.06671139397147e-08,5.97234869150739e-09,-2.63773549829932e-08,6.47352258564635e-07,-4.46432812779052e-07,1.79021030838019e-07,-2.03613788358788e-07,0,-1.41238326700567e-06,6.29823500418225e-07,-3.70885064083316e-07,2.08952872709725e-07,6.29021192114819e-08,-1.38321070991555e-07,-3.61396581314356e-07,0,1.25100285573606e-08,-1.76749259490573e-07,1.89918752439815e-07,2.06256110776489e-08,2.74343787808268e-09,2.95373901838325e-09,2.2155793359359e-09,1.31435064944844e-09,3.56242419937177e-09,2.60729694762232e-10,5.88655887240136e-10,5.95177671122213e-10,1.62568305861426e-09,5.94772245371692e-11,2.74439952909255e-07,1.33597227798221e-06,6.22270141178625e-07,0,7.3321936491287e-07,-2.28160887748948e-07,0,-1.92597719958382e-06,1.24465690098594e-06,0,-3.66234155927256e-09,-9.0936432904215e-05,-0.000227213812003571,0,2.26296775566812e-05,-1.71511698570399e-06,-6.01495782216541e-06,0
"east_of_england","beta25",-1.48568312496969e-07,1.21686530432452e-06,-1.46755070033074e-07,2.724601570285e-08,1.28273338901934e-07,-8.42107840550091e-10,1.43373654480718e-08,-1.75813567923991e-08,3.56459070403086e-08,4.71635872070638e-08,4.25560690608564e-08,4.09192602001224e-08,3.99945187160057e-08,3.66881880994469e-08,1.91344981999565e-08,-1.51163874178392e-07,1.82805344199542e-07,2.52323381684837e-07,1.50772393472716e-07,4.8282013650092e-07,3.02449802392947e-08,4.33099263191619e-07,4.11542734609809e-08,8.23934393453686e-07,0,0,-1.13619088883401e-09,0,0,0,0,0,0,0,9.61564947030570e-09,-1.89369139614559e-08,5.29123913090107e-08,-3.20064054307884e-08,3.49570555446789e-09,3.2906028607394e-08,8.3748685880849e-07,-5.01939187976785e-07,7.83490814184653e-07,2.37343014565895e-07,0,-1.95702224197216e-06,1.77030426049004e-07,8.43512560188138e-08,2.9372601197056e-07,1.20423865910895e-07,1.53350885137589e-08,-7.06665439621207e-07,0,-5.78104218148241e-07,-1.72038455046541e-08,1.17159302127382e-09,2.33016005102637e-07,6.24286060534272e-09,8.70430264526662e-09,8.7502499239857e-09,6.68567157363227e-09,1.07638363214069e-08,3.89340918921281e-09,5.44729550401489e-09,6.36759089544623e-09,4.3295258255349e-09,4.47106010015155e-09,1.02775426086638e-06,-1.63936530757419e-07,-3.86818427739767e-07,0,-2.10187715151057e-07,-1.93171730338315e-06,0,2.79791377625559e-07,6.58436149129057e-07,0,3.54956619815441e-10,-0.000105543013747187,-0.000309299763601258,0,2.31340112230456e-05,-1.89894620322832e-06,-8.33569128120614e-06,0
"east_of_england","beta26",2.34840195211365e-08,2.15146619595186e-06,-2.65793603162889e-07,9.62425316382652e-08,2.08875903968889e-07,-1.40388061031457e-08,2.78740231221277e-08,-1.80927474814035e-08,2.83663466113952e-08,4.6784809178378e-08,5.01131740190431e-08,3.59016033263992e-08,2.86687309119123e-08,5.38443910951503e-08,1.51778286511359e-08,-3.59032368245525e-07,1.66246321895596e-07,2.08387028237879e-07,2.68319677468502e-07,9.01981408944898e-08,3.00696087674339e-07,4.11542734609809e-08,6.71158917142323e-07,-1.59494934699617e-06,0,0,1.41046539159219e-08,0,0,0,0,0,0,0,-6.41564200816286e-09,9.37110375427454e-09,1.79513805134959e-08,-1.23092533084442e-08,2.61931814999649e-08,1.93150288847276e-08,3.9409670260956e-07,-1.36648958771691e-07,-2.30383790732751e-07,-6.74966870417399e-07,0,-2.12616051526561e-06,3.92754077101149e-07,-3.04428808804387e-07,2.27174596040399e-06,-2.29102338431247e-08,-1.72060450021569e-07,-9.17398179306279e-07,0,-4.11766248632878e-07,-1.43921487732899e-07,3.54287914748549e-07,1.90445743021201e-06,9.42883762254897e-09,1.03506034538781e-08,1.21733200844483e-08,4.82503261364712e-09,1.23032564741154e-08,4.11988041314817e-09,5.34061222638054e-09,5.05532636958439e-09,4.37818283451705e-09,4.53781847365476e-09,1.04990682054828e-06,1.85564250085152e-06,3.01098906516694e-06,0,1.9973267538881e-06,-2.74221224215196e-06,0,-2.81126258303874e-06,3.95496057043026e-06,0,-1.21997428080163e-08,-9.31065463318554e-05,-0.000287695870951984,0,3.57751472218055e-05,-1.66511575265444e-06,-7.48094532546621e-06,0
"east_of_england","beta27",-2.01555121132618e-06,-3.62608250922829e-06,7.12992102388743e-08,-1.02325445906738e-08,-1.1703113399114e-06,1.01664219849612e-07,-1.45231745730832e-07,2.51385309856037e-08,-3.71938699687148e-08,2.09091436102385e-07,-2.76935085674874e-08,8.39641865422543e-08,9.4750635465242e-08,7.523713781291e-08,2.50647225465332e-08,1.03568115690813e-06,2.08087889287001e-07,2.07964551336782e-07,-3.13230246010555e-08,8.38875272556322e-07,-2.14364364243283e-07,8.23934393453686e-07,-1.59494934699617e-06,1.43740148738123e-05,0,0,-6.64738036400885e-08,0,0,0,0,0,0,0,9.20275736366837e-08,-9.69996241992119e-08,5.4878254780354e-08,7.52716115726081e-09,-8.05935972265397e-09,-1.16316235368303e-07,-4.49201350067014e-06,-3.76372636802415e-06,2.22205837899357e-06,2.62772897132334e-06,0,3.31090497170206e-06,-2.07178263525363e-06,-2.58873866238218e-06,-1.48088553625114e-05,4.02499356119445e-08,2.26437602916929e-07,-5.2608984263326e-09,0,6.46423444705968e-07,-6.52128411122426e-07,-1.05273224874006e-06,-5.58015600467354e-06,-2.71210411470807e-11,2.27561725633193e-09,1.14755520499502e-08,1.37197134605051e-08,-4.87258277061794e-09,5.70942065811688e-09,1.68155252931302e-08,7.22073837014735e-09,1.22607218073143e-09,1.63613196687016e-11,-8.07449560965888e-06,4.58848882411609e-06,-1.76892777435093e-05,0,-9.86402074463811e-06,9.74098171865266e-06,0,1.05493924691959e-05,-2.3981808366766e-05,0,3.22899650387878e-08,-0.000256822537688486,-0.000169390461533535,0,-0.000289172230745327,-3.95270585199404e-06,-4.93743980881179e-06,0
"east_of_england","beta28",0,0,0,0,0,0,0,0,0,0,0,0,0,0,0,0,0,0,0,0,0,0,0,0,0,0,0,0,0,0,0,0,0,0,0,0,0,0,0,0,0,0,0,0,0,0,0,0,0,0,0,0,0,0,0,0,0,0,0,0,0,0,0,0,0,0,0,0,0,0,0,0,0,0,0,0,0,0,0,0,0,0,0,0,0
"east_of_england","beta29",0,0,0,0,0,0,0,0,0,0,0,0,0,0,0,0,0,0,0,0,0,0,0,0,0,0,0,0,0,0,0,0,0,0,0,0,0,0,0,0,0,0,0,0,0,0,0,0,0,0,0,0,0,0,0,0,0,0,0,0,0,0,0,0,0,0,0,0,0,0,0,0,0,0,0,0,0,0,0,0,0,0,0,0,0
"east_of_england","beta3",3.80521406361155e-08,-1.54864211081736e-06,3.74588925316331e-07,-1.06074355037169e-07,6.67529117342e-08,-2.15069261899123e-10,1.17748736754231e-08,4.04022005233035e-10,-3.46905338934038e-09,8.75922869780686e-09,4.97376302824945e-09,8.05124894761405e-09,-2.31002303448786e-09,2.7885631521545e-08,-6.0261598226306e-09,-9.24008764239428e-07,9.59098460920855e-09,-4.05609943297187e-09,-1.37174476269319e-09,2.52026412287128e-08,5.40744761889075e-09,-1.13619088883401e-09,1.41046539159219e-08,-6.64738036400885e-08,0,0,1.90263508336748e-07,0,0,0,0,0,0,0,-1.17415297394109e-07,1.10772694605701e-07,-7.14180417740918e-08,2.29067612925139e-08,-2.56669389531198e-08,1.58944642115687e-08,-3.72285092145089e-07,-3.60322577133325e-07,-7.98450215674749e-07,3.3420205443099e-07,0,8.38067029792893e-08,4.12093825196898e-07,9.70716036420322e-08,-4.49213171456168e-07,2.83970996539387e-07,4.13561943964618e-09,-1.62476226309352e-07,0,2.93715070226076e-07,4.10483336918875e-07,-5.97810755072167e-09,1.73076754284935e-06,6.01224042208916e-10,3.12678366781102e-09,-6.01064366869575e-10,4.55919004211379e-10,1.97360106352047e-09,-3.38230583314353e-10,-1.51253007836446e-09,-3.65572656887682e-10,4.07267551775214e-10,1.3156271641362e-09,4.30577542992268e-07,1.26305675714192e-06,-1.54743453388459e-06,0,1.36147925871886e-06,-6.8885636500464e-07,0,4.52294986153834e-07,-7.65907690853939e-07,0,1.10260398128509e-09,-1.5160021321409e-05,1.48581496076877e-06,0,5.99665075637067e-06,-3.40573355505722e-07,2.43088101448571e-07,0
"east_of_england","beta30",0,0,0,0,0,0,0,0,0,0,0,0,0,0,0,0,0,0,0,0,0,0,0,0,0,0,0,0,0,0,0,0,0,0,0,0,0,0,0,0,0,0,0,0,0,0,0,0,0,0,0,0,0,0,0,0,0,0,0,0,0,0,0,0,0,0,0,0,0,0,0,0,0,0,0,0,0,0,0,0,0,0,0,0,0
