"region","name","alpha_admission","alpha_D","alpha_death_hosp","alpha_H","beta1","beta10","beta11","beta12","beta13","beta14","beta15","beta16","beta17","beta18","beta19","beta2","beta20","beta21","beta22","beta23","beta24","beta25","beta26","beta27","beta28","beta29","beta3","beta30","beta31","beta32","beta33","beta34","beta35","beta36","beta4","beta5","beta6","beta7","beta8","beta9","mu_D","mu_D_2","mu_D_3","mu_D_4","mu_D_5","mu_gamma_H","mu_gamma_H_2","mu_gamma_H_3","mu_gamma_H_4","p_G_D","p_G_D_2","p_H","p_H_2","p_H_D","p_ICU","p_ICU_2","p_ICU_D","p_NC_15_24","p_NC_25_49","p_NC_50_64","p_NC_65_79","p_NC_80_plus","p_NC_weekend_15_24","p_NC_weekend_25_49","p_NC_weekend_50_64","p_NC_weekend_65_79","p_NC_weekend_80_plus","p_W_D","rel_p_D_alpha","rel_p_D_delta","rel_p_D_omicron","rel_p_H_alpha","rel_p_H_delta","rel_p_H_omicron","rel_p_ICU_alpha","rel_p_ICU_delta","rel_p_ICU_omicron","rho_pillar2_tests","seed_date_alpha","seed_date_delta","seed_date_omicron","start_date","ta_alpha","ta_delta","ta_omicron"
"east_of_england","alpha_admission",2.21476202462102e-05,-1.53670818571848e-05,2.57739931736043e-06,-1.5949932997699e-07,-8.81542040740225e-08,-9.75024308703426e-08,2.90148174073371e-07,-1.30751735233368e-07,-1.4075615232872e-07,1.76698490522115e-07,1.37861008149312e-07,-1.62301760404198e-08,4.69099835275453e-08,-1.23581183661662e-07,-2.42678053070557e-08,2.0235437198203e-06,8.37850305773219e-08,-2.04856598845465e-07,3.50360653805844e-08,-9.7354283578402e-08,5.5395736153133e-08,-2.41004590774394e-07,1.15341722637905e-07,-2.95073047397599e-06,0,0,-7.61629396774526e-08,0,0,0,0,0,0,0,5.32669489607761e-08,-3.0291206739985e-08,-2.06161032077433e-07,1.42790171307155e-07,-8.39814628172023e-08,-6.8835352632997e-08,-4.29617363085128e-06,-2.45801012584146e-06,-3.2756927109565e-06,-8.72936423482226e-07,0,1.59945145263121e-05,-5.90846675898411e-06,3.59381397875697e-06,6.28178124674648e-06,7.41173621432214e-06,8.68212025516811e-07,1.74540571205197e-06,0,9.57171308874375e-07,1.28424347166906e-06,-1.2997401862711e-07,-7.15178005196073e-07,-5.22090383495535e-08,-7.17392108532043e-08,-3.97752270893242e-08,-2.79313902134221e-08,-3.27642091278665e-08,-4.85206092623312e-08,-2.67719305335533e-08,-3.66587683054244e-08,-4.61945769556488e-09,-1.09297992824359e-08,-9.22519930062174e-06,3.57854402027132e-05,-7.69042168292169e-06,0,1.76149315896607e-05,-7.67558104369708e-06,0,1.1089073739276e-05,-2.73036463355318e-06,0,-3.0673871780297e-08,-8.37756617475126e-05,0.000251967478894373,0,0.000103943300122885,-3.62356349231447e-06,2.62231563673507e-06,0
"east_of_england","alpha_D",-1.53670818571848e-05,0.000980673101928291,-1.84133150065447e-05,2.17623054739834e-06,5.59935313062851e-06,-1.7326906407092e-06,1.77580542203314e-06,-1.19030618348749e-06,3.14735511106696e-07,-1.21782361501882e-06,-5.90450712510392e-08,-5.15482606575656e-07,2.04832895396122e-07,-8.46911130025277e-07,-2.39739035385058e-07,-1.77009560840934e-06,9.44391195647957e-08,-7.85976483687919e-07,-4.50437970929018e-07,7.65773814619217e-08,-5.40708836285591e-07,-2.85978776033069e-07,-1.65205561865585e-06,8.23116908646834e-06,0,0,-1.80433342848889e-06,0,0,0,0,0,0,0,6.58461013580989e-07,-2.46003909170538e-07,5.61747280162908e-07,7.03640079396573e-08,-1.65434475805488e-06,1.6337955438409e-06,1.09586228338887e-05,3.7461085865105e-06,9.42497761304831e-05,3.61747702457038e-06,0,-0.00015268541402209,2.04043308192391e-05,-2.40064282613643e-05,-4.00678288258087e-05,-7.47623224368053e-05,-4.04946879450507e-06,8.05160494240341e-06,0,1.13740515562969e-05,-2.63422880767131e-06,-1.98259750445042e-07,-5.4944835362939e-05,9.70044502616199e-09,-1.94284551716232e-07,-1.69980193642539e-07,-1.80040921465582e-07,-1.48939557485795e-08,4.34099227615983e-08,-9.89149394752901e-08,8.26693731471964e-09,-6.34091843190674e-08,-6.67867691607342e-09,-8.99076321130415e-06,-0.000387171188036243,0.000106059282440559,0,2.59827425535255e-05,-2.70708747159174e-06,0,-2.4125686683662e-05,5.04333270075672e-06,0,1.13347275493805e-07,-0.000275078367058885,0.00107535359395496,0,0.00134855165137251,2.98160508704362e-06,1.05726006158738e-05,0
"east_of_england","alpha_death_hosp",2.57739931736043e-06,-1.84133150065447e-05,3.0607667259819e-05,-1.88502464653416e-06,4.30201976019652e-08,-3.68681767694628e-07,3.02274122286714e-07,1.27402962822751e-07,-1.43076369903652e-07,-1.11790014220091e-07,1.44422453962951e-07,4.72416717523025e-08,-6.78803745354744e-08,-7.03944750311874e-08,-1.14901282790002e-09,7.97384136238217e-07,4.57117809224912e-08,-2.98385792464875e-08,-3.99561847209013e-08,3.89621325706691e-07,-4.17835839580197e-08,2.41785097825271e-08,-6.22263811780938e-08,-6.30616777657069e-07,0,0,4.32417781251021e-07,0,0,0,0,0,0,0,-1.77834831708246e-07,9.83863023483789e-08,-1.77277135312216e-07,-2.04014255268098e-07,1.39271324245653e-07,3.16175881056267e-07,8.16007091182189e-06,9.12325803354606e-06,2.42377810414253e-06,2.07896060540814e-05,0,2.67009274139882e-05,-1.6026574847764e-05,3.74148867193845e-06,3.83737458705531e-06,5.0326367568315e-06,3.45045834228726e-06,1.12358979325657e-06,0,-1.66620795913384e-05,4.86377816944873e-06,1.31885571253143e-06,2.18802509820259e-05,-4.48605397558447e-08,-4.23030276691202e-08,-5.24921615923211e-08,-1.63690536196887e-08,-3.4075426236091e-08,-2.59063529040684e-08,-1.99203084993282e-08,-3.10638654239173e-08,-1.97012486853387e-08,-4.09384218466008e-08,2.01437722987489e-05,-3.7965094338565e-05,-9.24345000931245e-06,0,4.43835773495788e-05,-2.12035328235428e-05,0,-7.01869919944617e-06,1.36971513633094e-05,0,-9.73736256406992e-09,4.18101347728943e-05,7.26295482967333e-05,0,0.000193641757057367,-2.05737634858698e-06,-3.2022584865077e-06,0
"east_of_england","alpha_H",-1.5949932997699e-07,2.17623054739834e-06,-1.88502464653416e-06,2.95526111074938e-06,-4.61015569704926e-08,-1.17192451350035e-08,4.63796966621745e-08,-6.51640652953998e-08,3.35154490913028e-08,5.30868895659209e-08,1.53319543758866e-08,5.39336996923499e-09,5.41535909024492e-09,-1.15554420340452e-07,1.4948363774944e-07,-1.78957323515495e-06,-1.18249132006376e-08,2.20018409675805e-07,-1.35980223556894e-07,1.29670782008457e-07,-6.30825387241031e-09,1.30359449349898e-07,3.39587848650345e-08,2.82207919262777e-07,0,0,-8.20732526625981e-08,0,0,0,0,0,0,0,3.84181921098681e-08,-7.16501151350705e-08,1.68046751822085e-07,9.7235445521533e-08,8.31888542379404e-08,-2.74207845942753e-07,3.11029904464476e-06,-3.25850656102452e-07,-5.29399471118186e-07,1.75751373953095e-07,0,-6.20859368257285e-06,4.14614917764077e-06,-9.36968752772849e-07,-3.94298040158105e-06,-4.63188679321598e-07,-5.99301746823549e-07,-6.11320219568239e-07,0,7.51915187232433e-07,-1.9450138834863e-06,1.1655234893981e-07,-3.77825318931501e-06,-3.61858406726528e-09,-1.19666146260116e-10,-1.32103516903978e-09,3.18537710620527e-09,-3.92710383780908e-09,-3.08170252169775e-09,6.95950752339638e-09,-4.65152454691784e-09,2.68720454160167e-10,-5.14503227741873e-09,-7.44521622729878e-06,7.57225568582766e-06,-4.7918553013658e-06,0,-2.97370264658708e-06,6.89861229136912e-06,0,-2.59617135883767e-06,-7.9659769336991e-06,0,-3.04807654817674e-08,-4.92278292208396e-06,-1.4426099440835e-05,0,-0.000159810336271022,5.48041137668068e-08,-3.31394503033305e-06,0
"east_of_england","beta1",-8.81542040740225e-08,5.59935313062851e-06,4.30201976019652e-08,-4.61015569704926e-08,2.70132450139112e-06,-5.53240835900515e-08,-9.65690032805994e-09,4.51094409678227e-08,-3.18115903547058e-08,-5.23274607416635e-08,5.37609851238648e-08,-6.06670902305501e-09,1.19136036025638e-08,-1.59848383817625e-08,1.24541028144287e-08,-2.79060935654488e-06,6.94724154976236e-08,-2.02395142388166e-08,1.43456311368456e-07,-5.62772653152493e-08,5.54810352216341e-08,4.10879446118955e-08,4.72938183151136e-08,2.65358522981479e-07,0,0,9.20418287499481e-08,0,0,0,0,0,0,0,-4.90137020944137e-08,5.99529553493624e-08,-5.94593058674704e-08,5.17174058521253e-08,-4.83531336219621e-09,7.61037861563747e-08,8.54517508060223e-08,-8.28739231963285e-07,2.99364025563992e-06,-2.47836993908295e-07,0,-2.75645897039833e-06,-1.66743116154521e-06,-1.701962850704e-06,3.5054616501349e-07,-2.58253248565942e-07,4.30397223698863e-07,-6.85653672665201e-07,0,2.2040435642611e-07,2.76339200422997e-07,1.95332153373205e-08,-1.18623991236743e-06,6.20397620394885e-09,1.60612810442356e-09,1.07711460747831e-08,2.07785398639404e-09,2.62786233983983e-08,1.71806551928159e-09,-1.4153945945487e-09,4.03944709548736e-10,1.43607928159092e-09,4.07510134010203e-09,3.69188930067097e-06,-6.06507715883639e-06,2.46945889359758e-06,0,4.77240509118142e-06,-2.61339638853759e-06,0,-7.65390507538353e-07,6.78234448495433e-06,0,4.32384788586725e-11,-3.49565952107512e-05,8.93032848718492e-06,0,0.000651884948599539,2.4890575577998e-07,-1.49053826437781e-06,0
"east_of_england","beta10",-9.75024308703426e-08,-1.7326906407092e-06,-3.68681767694628e-07,-1.17192451350035e-08,-5.53240835900515e-08,5.52990882071522e-07,-5.55588875001047e-07,1.21983639338179e-07,-4.08659891314563e-08,5.78807470826541e-08,-8.39905695160776e-09,1.06945097399204e-08,5.44113816271678e-09,4.32999265841078e-08,-2.20045134316015e-08,8.16688763418598e-08,2.5076407833199e-08,-1.49116021255807e-08,1.87775214490412e-08,-1.68039249404849e-08,1.28720450151281e-08,-7.40739265940174e-09,9.93775964686334e-09,4.71653786785026e-08,0,0,-2.47382030144844e-08,0,0,0,0,0,0,0,3.00160903456841e-08,-4.23922919439232e-08,7.34718675248947e-08,-1.00227100009647e-07,3.33319521700595e-07,-6.1224822795256e-07,-1.18111930101373e-07,4.45200074717181e-07,-4.50773751819878e-07,-2.58255056068401e-08,0,1.24548052664869e-06,-1.95420129200104e-07,2.56415118990955e-07,-5.02544818440233e-08,-1.71748780041903e-07,1.18703397807298e-07,-7.09761622073372e-07,0,-2.44643242313667e-07,-3.5892091927071e-07,-5.38330101020553e-08,8.58128772234354e-07,-3.41056357768275e-11,3.82682185752625e-09,-7.07458792832608e-10,1.87395465040323e-10,3.87870586231687e-09,1.03559780925899e-09,1.61474871600785e-09,2.74899294887713e-09,1.7801969427434e-09,3.90326877800003e-10,-1.75049469905464e-06,3.13136220986354e-07,-3.7367146904731e-07,0,1.81951133708337e-06,-5.76700381708157e-07,0,8.37397110279601e-08,8.80673771265647e-07,0,-1.4369802190989e-09,-2.71902598116266e-05,-1.79520244928882e-06,0,-2.55646939459401e-05,-1.52870392635624e-07,4.64815549603252e-07,0
"east_of_england","beta11",2.90148174073371e-07,1.77580542203314e-06,3.02274122286714e-07,4.63796966621745e-08,-9.65690032805994e-09,-5.55588875001047e-07,1.11227252914727e-06,-4.40195647454213e-07,1.62339844204838e-07,-1.35975156459931e-07,6.82695540302361e-08,-1.26418260781014e-08,4.79389814330839e-09,-3.87255135081919e-08,5.23997673288905e-08,-1.01778489318227e-07,-1.6967225807016e-08,3.35859184368248e-08,9.90410616515966e-09,4.41653018810554e-08,9.25639665059721e-09,3.2626698231806e-08,9.30627177283982e-09,-3.48022472690386e-08,0,0,3.90841909523954e-08,0,0,0,0,0,0,0,-3.30206036795127e-08,5.97097088652232e-08,-7.88501971310973e-08,1.24618314917293e-07,-2.72177903843921e-07,4.67073951416783e-07,2.666739400293e-07,7.84957771621795e-08,2.83011777531462e-07,-8.8500129119639e-08,0,-3.88033465821638e-07,-1.30856012201528e-07,2.71713034228482e-08,-4.56133675720063e-07,3.86506101887628e-07,-1.21380518332125e-07,-6.01358084016534e-07,0,-9.1645778171711e-08,-4.64389226642227e-08,8.20737120143756e-08,-1.15005547727455e-06,6.28848432446774e-09,1.54001064431337e-09,5.0593304877461e-09,2.35841858048018e-09,3.10986943068221e-09,-1.22141533927957e-09,3.6404948019046e-09,-8.03276952621917e-10,-1.3421552083454e-09,9.53269414316492e-10,-1.55459718846368e-07,6.64787380570866e-07,8.8760973110263e-07,0,9.04886115143895e-07,1.33044353337528e-06,0,1.80097533176238e-07,-1.58019883949959e-06,0,4.84430463409559e-10,0.000105185238266465,-1.22544151616687e-05,0,-1.01813921819797e-05,5.14609217224091e-07,-1.1376820830472e-06,0
"east_of_england","beta12",-1.30751735233368e-07,-1.19030618348749e-06,1.27402962822751e-07,-6.51640652953998e-08,4.51094409678227e-08,1.21983639338179e-07,-4.40195647454213e-07,4.20699738030435e-07,-2.440975257914e-07,2.00978381224856e-07,-1.0837746579185e-07,1.3795829562784e-09,-9.28961311173668e-09,-4.54120312111747e-10,-3.51724576065461e-08,-8.34246099064214e-09,8.05811638374839e-09,-3.29677344927444e-08,-1.21125244172648e-08,-2.29895203043819e-08,-2.38283589880877e-08,-9.43907997984983e-09,-1.71386912228338e-08,3.84794719683711e-08,0,0,-5.89598646272168e-09,0,0,0,0,0,0,0,1.23227875615824e-08,-1.47032312588282e-08,2.70046136795282e-08,-3.27906754642665e-08,6.44163653587631e-08,-8.02401149134168e-08,-3.1075546433733e-07,-9.15924548367684e-08,8.66798757766116e-08,2.49844706226074e-08,0,4.29076224591383e-07,-1.62256624613668e-07,-4.670229999372e-07,8.78247836748403e-07,1.91616647423754e-07,1.3047552296859e-07,-3.33386950710549e-07,0,1.41016102531786e-07,1.80556160189596e-08,8.23164998740827e-08,1.9547360546094e-07,-1.0083867053911e-09,3.27375370363971e-09,2.88343740458062e-09,2.10978135304516e-09,4.40246653979139e-09,3.70034255274548e-09,-6.5652713822662e-10,3.43866075546517e-09,6.73454623901944e-10,2.18974157752887e-09,1.34314249174528e-06,-1.61815358509811e-06,-4.81629401115325e-07,0,1.1161019178005e-06,-9.32542282093992e-07,0,-5.63315001854648e-07,-1.87668840839143e-07,0,-1.64523665689519e-10,1.71786385046865e-05,1.15343545796775e-05,0,9.59529803600705e-06,6.07677929494278e-07,5.15536045252734e-07,0
"east_of_england","beta13",-1.4075615232872e-07,3.14735511106696e-07,-1.43076369903652e-07,3.35154490913028e-08,-3.18115903547058e-08,-4.08659891314563e-08,1.62339844204838e-07,-2.440975257914e-07,2.45404349737481e-07,-2.28974286580923e-07,1.30935270153969e-07,6.04246960167203e-09,1.4715360915857e-08,2.00961515150511e-08,2.64567579747728e-08,7.61855982122788e-08,1.75928190652898e-09,3.11969797737824e-08,1.6579616576628e-08,5.28179922298135e-08,1.5014754117005e-08,1.80445328302289e-08,3.63507992101166e-08,-5.09726959899404e-08,0,0,-2.88335567067832e-09,0,0,0,0,0,0,0,-6.03929662911358e-09,1.56495664905134e-08,-2.17688725198406e-08,2.40387161568175e-08,-2.83511886598964e-08,3.66064751315976e-08,5.65844990983727e-07,3.09471161452481e-07,2.99434351445079e-07,3.39736953780448e-07,0,7.20342322415225e-09,-3.09001431954304e-07,5.52459820186859e-07,-6.49313140104056e-07,1.25083797653287e-08,2.0410118396355e-08,2.60385010991965e-08,0,-2.30717146117523e-07,-1.92090877265816e-07,1.56286645866067e-09,-2.98238091314263e-07,1.48815739675095e-09,1.9094033812266e-09,-7.7186540408615e-10,-1.17656325357354e-10,-2.37877278973695e-09,-1.18105918529443e-09,3.32460824735439e-09,-8.84414541754629e-10,9.44984770709252e-10,1.78044311048997e-10,-1.01832921802935e-06,-5.5961680291895e-07,3.78209256070247e-07,0,-1.19497400964683e-06,7.77456920074729e-07,0,-3.63726644644835e-07,1.86773561749667e-06,0,4.59931662725994e-09,-1.10839138247293e-05,-1.99945087961658e-05,0,-8.4995239003121e-06,-6.60874092647077e-07,-2.85621916856716e-07,0
"east_of_england","beta14",1.76698490522115e-07,-1.21782361501882e-06,-1.11790014220091e-07,5.30868895659209e-08,-5.23274607416635e-08,5.78807470826541e-08,-1.35975156459931e-07,2.00978381224856e-07,-2.28974286580923e-07,5.74031568575803e-07,-2.82385399722602e-07,7.3793819720692e-08,2.43656110373053e-08,9.32386613811297e-08,6.29797790854349e-08,-2.7715931722046e-08,7.05956878387712e-08,3.60492946909329e-08,9.07269471094537e-08,-4.63301560220154e-09,5.82617112754758e-08,7.74095307409658e-08,5.64154058919333e-08,1.06958376841769e-07,0,0,6.76293779070225e-09,0,0,0,0,0,0,0,1.05400116047693e-08,-2.4891648518655e-08,3.56707894490678e-08,1.03705156840678e-08,1.1967626656509e-08,-4.86668476132398e-08,-1.09805076163708e-06,3.63710444975314e-07,-3.13504204947649e-07,-6.1886254005276e-08,0,-4.06767159850617e-07,3.8151250862698e-07,-1.07181767237147e-06,2.0237069144365e-07,1.36104657263223e-07,4.6105116885531e-08,-7.98686996363789e-07,0,2.55927695845475e-07,-2.67327944241056e-07,-2.29665051261247e-08,-3.72043247612029e-07,2.55168401933463e-09,4.0312565734589e-09,5.89586053043242e-09,3.92135353332872e-09,1.06801278425642e-08,6.19349432475794e-10,1.42590986875034e-09,4.2181061154671e-09,1.8863936814185e-09,3.72564884136307e-09,-1.03859917154326e-06,-1.47186324575203e-07,-9.38652979757459e-07,0,2.03633096826979e-06,-4.93829055997038e-07,0,5.86068200739051e-07,-2.75248566436652e-06,0,-7.48462984223755e-09,-0.000116525891363185,2.91164668920758e-05,0,-2.34197070201276e-05,-2.33160112638871e-06,3.26602073209284e-07,0
"east_of_england","beta15",1.37861008149312e-07,-5.90450712510392e-08,1.44422453962951e-07,1.53319543758866e-08,5.37609851238648e-08,-8.39905695160776e-09,6.82695540302361e-08,-1.0837746579185e-07,1.30935270153969e-07,-2.82385399722602e-07,4.53092329774049e-07,-2.11619942519594e-08,7.68758183743033e-08,1.06555026346896e-08,5.35009184280302e-08,5.46521080014953e-08,2.39092552694279e-08,5.50047955296757e-08,2.6710791285157e-08,1.00564841581376e-07,3.96783510075585e-08,3.17499632194946e-08,5.67184341384256e-08,-7.81279321538936e-08,0,0,-1.10825676995376e-08,0,0,0,0,0,0,0,4.31686160041848e-09,4.4373590303111e-09,7.88579781804077e-09,5.6743850085525e-09,5.8489929130948e-09,-2.58108739815204e-08,1.02388738591124e-06,-3.14342659694422e-08,5.26251070238259e-07,-2.06257223014834e-07,0,-2.3930705217348e-06,-3.26227872755846e-07,6.29284874085742e-08,-6.81360921954475e-07,1.91804964152143e-07,-2.25314833250937e-08,-2.01889510053887e-07,0,-6.34207969977572e-07,2.93676193581934e-08,3.47066831776758e-09,1.19440545040842e-07,1.09252149416221e-09,3.72222847340756e-09,-1.10178622887101e-09,-1.05426134680748e-09,-1.49829806879582e-10,2.46590892912223e-10,1.50491637918575e-09,2.05660674448856e-10,-1.18118615456107e-09,3.77419144693379e-10,4.89397034950093e-07,-5.67860828544907e-07,9.94930384930316e-07,0,1.40193174203323e-06,5.1293809650452e-07,0,-5.06650466874215e-07,1.07389814440898e-06,0,-2.06115075914397e-09,-0.000105957308437653,-7.26817498278117e-07,0,1.2598187514559e-05,-2.11106704444475e-06,1.47864565023433e-07,0
"east_of_england","beta16",-1.62301760404198e-08,-5.15482606575656e-07,4.72416717523025e-08,5.39336996923499e-09,-6.06670902305501e-09,1.06945097399204e-08,-1.26418260781014e-08,1.3795829562784e-09,6.04246960167203e-09,7.3793819720692e-08,-2.11619942519594e-08,4.82960259987063e-08,5.59410456310757e-09,7.78632051888521e-08,3.01091756449434e-08,2.60350606575834e-08,3.60489877617318e-08,2.63227367206132e-08,5.15666120140252e-08,3.389801425938e-08,3.12292520803969e-08,3.92293816450149e-08,4.60508155211876e-08,2.85027067505995e-08,0,0,1.11133157374607e-09,0,0,0,0,0,0,0,2.41851322022589e-09,5.56899479160058e-10,3.27103751072253e-09,7.72230809601003e-09,6.65828831633954e-09,-7.2624372054746e-09,-1.61161892323221e-07,1.9176809127196e-07,-2.93936384658336e-07,5.71822857236407e-08,0,1.3801709451015e-07,-5.31959147067004e-07,-2.2037607795573e-08,-1.49288463590829e-07,1.17780698331398e-07,-4.66788162449844e-08,-4.9073103869988e-07,0,-1.40214095698597e-07,-1.4555344671432e-07,1.1650325041609e-08,5.78892475347266e-08,1.49021705403775e-09,1.88019044968253e-09,3.11981204936388e-09,1.15805465874952e-09,2.76982644534045e-09,2.30486514873786e-10,2.23483472649786e-09,1.01940433644533e-09,1.17718603868236e-09,1.05692694431453e-09,-3.04603365630621e-07,7.0894295729718e-07,-5.61391485113565e-07,0,1.46505952089864e-06,-1.49444116082409e-08,0,-2.37087572414553e-07,3.2596843178047e-07,0,-1.1261103465436e-09,-7.95223175234789e-05,-2.0442868765048e-07,0,-5.72381763812391e-06,-1.47060967003456e-06,1.12621309708853e-07,0
"east_of_england","beta17",4.69099835275453e-08,2.04832895396122e-07,-6.78803745354744e-08,5.41535909024492e-09,1.19136036025638e-08,5.44113816271678e-09,4.79389814330839e-09,-9.28961311173668e-09,1.4715360915857e-08,2.43656110373053e-08,7.68758183743033e-08,5.59410456310757e-09,5.94269002895833e-08,-2.11453068444415e-08,5.56339115728789e-08,2.05948267107209e-08,2.45780934621582e-08,3.64057194470602e-08,3.19535701397479e-08,4.19286972712381e-08,2.95738704421939e-08,3.91716150865051e-08,4.01249023625506e-08,2.37150028367305e-09,0,0,-3.149176112133e-09,0,0,0,0,0,0,0,5.82521882298688e-09,-2.93171572214766e-09,8.11172233256675e-09,1.76533672791141e-08,-1.68598349971707e-08,-4.29167070012814e-09,8.71504659148216e-08,1.32032375896768e-07,6.34730227760923e-07,-2.64850669426136e-07,0,-3.26883373734653e-07,-4.34615301601643e-07,-2.43096794770867e-07,5.72422001823024e-08,8.50194831614894e-08,1.20075845210323e-07,-5.04946593223762e-07,0,-4.22401729810785e-08,-6.41525346982043e-08,-1.83629730430382e-08,-3.32839926332013e-07,2.11247860769799e-09,3.34442051424976e-09,2.12581056444894e-09,2.06602245197953e-09,3.15583078453212e-09,5.36845664110477e-10,1.99576908225529e-09,2.05756351583269e-09,7.10915702519502e-10,1.37105332306841e-09,3.05199265512034e-08,-2.43894938358108e-06,1.09599387395498e-06,0,9.52077861493921e-07,-8.81516415651619e-08,0,7.47524100369563e-08,3.00817542436076e-08,0,-1.60439268029815e-09,-7.89888370234802e-05,1.58921943042733e-05,0,-1.01160212992506e-06,-1.38976884372807e-06,1.60805559802429e-07,0
"east_of_england","beta18",-1.23581183661662e-07,-8.46911130025277e-07,-7.03944750311874e-08,-1.15554420340452e-07,-1.59848383817625e-08,4.32999265841078e-08,-3.87255135081919e-08,-4.54120312111747e-10,2.00961515150511e-08,9.32386613811297e-08,1.06555026346896e-08,7.78632051888521e-08,-2.11453068444415e-08,3.41861991634109e-07,-1.22854399004331e-07,1.65899278788549e-07,1.14006556259337e-07,-3.29230588544926e-08,1.443500688706e-07,-1.57234220930217e-08,6.25053760699208e-08,2.78886608924393e-08,7.40761040271067e-08,6.86299407580011e-08,0,0,1.79016383602463e-09,0,0,0,0,0,0,0,4.59778711560855e-09,5.79697682151174e-09,-2.65238238600701e-09,2.9559534896069e-09,2.77494257155958e-08,-1.18295304291177e-08,-4.18479072703507e-07,3.21227271704428e-07,-3.60806463778885e-07,-1.56388133662521e-07,0,-5.52680065139608e-07,5.27858451710913e-07,-1.78615759831513e-06,-7.10784950146024e-07,1.78604148184563e-07,-6.56778331058635e-08,-9.70833550330977e-07,0,-6.47740616035143e-07,-2.71933309088839e-07,3.52101443990964e-08,4.840549878561e-07,3.43197023589004e-09,4.46092222446065e-09,4.55977057861456e-09,9.83566832418189e-10,6.91056771342696e-09,1.69677494706643e-09,4.09304580531937e-09,1.87797596502954e-09,1.62429254572945e-09,2.66120699823118e-09,-9.85697985393647e-07,1.02425820459187e-06,-6.92452600074007e-07,0,3.21502670773174e-06,4.59599452103581e-07,0,-7.33985727278844e-07,2.01947603896241e-07,0,6.6155124223478e-09,-0.000130743030325981,-0.000101001738325479,0,-7.45260918112255e-06,-2.32287019962923e-06,1.03028905888922e-06,0
"east_of_england","beta19",-2.42678053070557e-08,-2.39739035385058e-07,-1.14901282790002e-09,1.4948363774944e-07,1.24541028144287e-08,-2.20045134316015e-08,5.23997673288905e-08,-3.51724576065461e-08,2.64567579747728e-08,6.29797790854349e-08,5.35009184280302e-08,3.01091756449434e-08,5.56339115728789e-08,-1.22854399004331e-07,4.11097453838062e-07,-1.82282887963995e-07,-1.78994131377463e-07,1.65315021237261e-07,-1.20322006568393e-07,7.33892958854722e-08,1.51342646507828e-08,3.29941863875364e-08,3.99549667430639e-08,-5.64452079464851e-08,0,0,3.32784772014547e-09,0,0,0,0,0,0,0,1.10246851940337e-08,-1.87789471054409e-08,3.29972565822116e-08,9.05149079865825e-09,1.40618570851948e-08,-1.45130030825855e-08,9.07124215795899e-07,-2.72584796650049e-08,6.33215707252785e-07,4.36556058122891e-07,0,-1.74944302484455e-06,7.65409068126872e-07,-1.35656056189287e-06,5.50239768981368e-07,-1.81353362937807e-07,1.08716033431688e-07,-6.99871203224723e-07,0,-1.45334915587283e-07,-1.37327149428323e-08,-5.10928835706721e-08,-2.01536784273803e-07,3.49228030820443e-09,4.34119145846443e-09,7.34552097784819e-09,4.0068704072989e-09,7.23041435427673e-09,1.46692615644263e-09,3.64657058275391e-09,1.94096069565006e-09,1.73015731730843e-09,1.80309867588256e-09,-1.10819249002443e-06,-3.01228083942231e-06,-2.68277627003859e-07,0,3.71263320569605e-07,4.79389513282521e-07,0,6.03794896860252e-07,-7.72825996504696e-07,0,-8.31806625816039e-09,-0.000109347880693502,0.000211016523693242,0,-1.22378155109404e-05,-1.94350177567158e-06,1.35478272494838e-06,0
"east_of_england","beta2",2.0235437198203e-06,-1.77009560840934e-06,7.97384136238217e-07,-1.78957323515495e-06,-2.79060935654488e-06,8.16688763418598e-08,-1.01778489318227e-07,-8.34246099064214e-09,7.61855982122788e-08,-2.7715931722046e-08,5.46521080014953e-08,2.60350606575834e-08,2.05948267107209e-08,1.65899278788549e-07,-1.82282887963995e-07,1.52045435726063e-05,6.59443400865168e-08,-1.05740161004582e-07,1.24485335091732e-08,5.54025567308622e-08,1.7529207694322e-08,-9.78795320523632e-08,3.97554837721575e-08,-2.84108974054444e-07,0,0,-9.9448864342522e-07,0,0,0,0,0,0,0,4.11486865968894e-07,-3.05057161305265e-07,1.36363012309221e-07,-1.68413973601022e-07,-1.8684132968578e-08,8.79346935723046e-08,2.7331090040532e-06,-3.0033551235957e-06,-6.86469149824714e-06,-5.5378878753385e-06,0,1.26459476647739e-05,-1.49454033388329e-06,-8.5992115787502e-07,4.8248391321441e-06,7.37533650771114e-07,-1.07521616657118e-06,2.68744034671854e-06,0,9.6941715078987e-09,-2.77008253558747e-06,1.33879278899059e-07,9.60145398861725e-07,-1.3174190036481e-08,-2.68347219688525e-09,-1.71463721745587e-08,-7.14160367127363e-09,-4.17501765315673e-08,-8.77376243195773e-09,1.44940324708188e-09,-1.35269887863917e-08,3.61795818805760e-09,2.10182604010462e-09,6.47267263565977e-07,2.69941613030444e-05,2.60744601296331e-06,0,-7.60908606483624e-06,-2.61369896270129e-07,0,-1.47333534710935e-06,2.92821727522903e-06,0,4.08166465920432e-08,-4.90738895298429e-05,-8.56721967218635e-05,0,-0.000154338924964264,-2.17552653363666e-06,2.36585849761587e-06,0
"east_of_england","beta20",8.37850305773219e-08,9.44391195647957e-08,4.57117809224912e-08,-1.18249132006376e-08,6.94724154976236e-08,2.5076407833199e-08,-1.6967225807016e-08,8.05811638374839e-09,1.75928190652898e-09,7.05956878387712e-08,2.39092552694279e-08,3.60489877617318e-08,2.45780934621582e-08,1.14006556259337e-07,-1.78994131377463e-07,6.59443400865168e-08,3.56738973295885e-07,-6.84815671753253e-08,3.95351206069816e-07,8.24420684029478e-08,1.3530320434812e-07,1.4869285304647e-07,1.76385422005738e-07,1.03588859076111e-08,0,0,-1.25484806170565e-08,0,0,0,0,0,0,0,6.67269495455355e-09,3.98493089352831e-09,-6.01961858118964e-09,2.76128409552828e-08,-1.6646611731689e-08,-1.94886609149071e-08,-5.6875622023474e-07,-2.82220100136012e-07,-9.15164634637072e-08,-4.65937742428847e-07,0,1.69898593950795e-07,-7.52448208658194e-07,6.45839020887517e-07,4.46960928398123e-07,3.46698036924587e-07,-1.13644897573302e-07,-5.25132622647497e-07,0,-1.48702277233429e-09,-2.35524331976653e-07,-1.53249678319313e-08,-1.57754815137081e-07,2.51633852765337e-09,5.28371406602124e-09,2.6391883016727e-09,9.84248934779277e-10,8.25735113014865e-09,4.08433753836438e-10,3.81775168378455e-09,2.49266647787588e-09,6.89183195143936e-10,2.56496635827301e-09,6.27371783759154e-07,1.11115684843324e-06,1.19254677157226e-06,0,2.04606971247353e-06,-1.63174576173954e-06,0,-1.96166020154775e-07,5.60847668951042e-07,0,1.10595534818206e-09,-8.52809290680023e-05,-0.000135967568038281,0,1.49963820050306e-05,-1.6462036247865e-06,-4.75740216804677e-06,0
"east_of_england","beta21",-2.04856598845465e-07,-7.85976483687919e-07,-2.98385792464875e-08,2.20018409675805e-07,-2.02395142388166e-08,-1.49116021255807e-08,3.35859184368248e-08,-3.29677344927444e-08,3.11969797737824e-08,3.60492946909329e-08,5.50047955296757e-08,2.63227367206132e-08,3.64057194470602e-08,-3.29230588544926e-08,1.65315021237261e-07,-1.05740161004582e-07,-6.84815671753253e-08,4.79978661401986e-07,-2.59254696319362e-07,3.47493249530917e-07,1.18014216055903e-07,2.11685876827315e-07,1.53642884919933e-07,3.10510418347477e-07,0,0,-5.04377541073243e-09,0,0,0,0,0,0,0,2.98956697056358e-09,-3.87889491905366e-11,-7.76324486188996e-10,2.69066319559454e-08,6.50506898245626e-09,-2.92030135714007e-08,3.30755298793925e-07,-3.35606836024741e-07,-1.67646085552546e-07,1.80906660485943e-07,0,-9.51034324660106e-07,-4.10225657219967e-08,7.2087418678826e-07,-7.16624603927664e-07,-2.18691785298535e-07,-2.47812020438305e-07,-1.20268211903197e-07,0,-3.83155173144377e-07,2.5898302352486e-08,-1.62039272304681e-07,-1.24401101269448e-06,2.64921502853128e-09,1.93095117889725e-09,3.017728126529e-09,2.36850073287412e-09,5.15129079501339e-09,-1.21951383668222e-10,1.58899480738269e-09,2.62365609537663e-09,1.00656137009215e-09,1.49248018811673e-09,-5.44011115150282e-07,3.33964178770706e-06,-8.37862264937693e-07,0,-3.93393864862723e-08,4.01602410674375e-07,0,1.67530629711788e-07,6.16216153155076e-07,0,-9.37386784653612e-09,-8.2772267287349e-05,-0.000218715940509291,0,-1.77318815626239e-05,-1.67080158989658e-06,-6.32889431463494e-06,0
"east_of_england","beta22",3.50360653805844e-08,-4.50437970929018e-07,-3.99561847209013e-08,-1.35980223556894e-07,1.43456311368456e-07,1.87775214490412e-08,9.90410616515966e-09,-1.21125244172648e-08,1.6579616576628e-08,9.07269471094537e-08,2.6710791285157e-08,5.15666120140252e-08,3.19535701397479e-08,1.443500688706e-07,-1.20322006568393e-07,1.24485335091732e-08,3.95351206069816e-07,-2.59254696319362e-07,1.62416121476451e-06,-7.13959298064705e-07,3.20480713850187e-07,1.76672329995062e-07,3.24247503928009e-07,-1.62848528718785e-07,0,0,-9.90898712029058e-09,0,0,0,0,0,0,0,1.07517805205356e-08,5.27038514019701e-09,9.02788606983598e-09,1.87665404349193e-08,-3.59279005003004e-08,2.56491079966815e-08,4.64649858099041e-07,1.57026607956055e-07,7.74709366057014e-07,7.95454211373592e-08,0,6.10872843485628e-07,-1.12069204873436e-06,-8.56862716552991e-07,1.84139951300754e-06,3.87628442392163e-07,1.73839696745531e-07,-1.28955510607095e-06,0,-8.55802473217602e-08,-1.6579861684391e-07,2.74309434101696e-07,-6.60979791212214e-07,5.91408220523989e-09,3.21988832698432e-09,2.49057671890717e-09,1.19962211540939e-09,1.68529151057481e-08,2.76275476140207e-09,-8.33081610288603e-10,4.24323164501224e-09,1.81613030378061e-09,1.78579465108921e-09,-3.67260799678826e-08,-4.46963007291415e-06,3.46447068884265e-06,0,4.02260160487055e-06,-2.26684973531179e-06,0,-1.3969643534261e-06,5.75796204398197e-07,0,1.6192151777256e-08,-0.000124290576549058,-0.000304711250707819,0,3.12830992019932e-05,-2.20461325372227e-06,-7.46865505664682e-06,0
"east_of_england","beta23",-9.7354283578402e-08,7.65773814619217e-08,3.89621325706691e-07,1.29670782008457e-07,-5.62772653152493e-08,-1.68039249404849e-08,4.41653018810554e-08,-2.29895203043819e-08,5.28179922298135e-08,-4.63301560220154e-09,1.00564841581376e-07,3.389801425938e-08,4.19286972712381e-08,-1.57234220930217e-08,7.33892958854722e-08,5.54025567308622e-08,8.24420684029478e-08,3.47493249530917e-07,-7.13959298064705e-07,1.49336971647468e-06,-1.76099881854386e-07,3.64642775378394e-07,8.88385321684616e-08,5.40454042934874e-07,0,0,-8.3057652731366e-09,0,0,0,0,0,0,0,-1.29201070250013e-08,3.85622548659509e-08,-4.97329990194404e-08,3.37961952986575e-08,6.08553033390137e-08,-1.02156230369056e-07,-7.39909456570511e-07,-1.13946166761469e-06,-1.76316623325936e-06,3.8883651094686e-07,0,-6.76434465523802e-07,-8.22603750627103e-08,1.52877342479716e-06,-8.89521408318637e-07,1.94034246942542e-07,-3.65421508544032e-07,2.56840421986105e-07,0,-2.25127658652757e-07,9.74445729899999e-08,-2.11773735261902e-07,2.24378712062934e-07,3.2189658198116e-09,1.28533586297019e-08,5.59300633082211e-09,3.61175043908219e-09,4.90632570945643e-09,-1.31364315880742e-09,1.09996640010474e-08,6.00729463018846e-09,3.36180789593799e-09,7.68022066402256e-09,2.54607009623664e-06,8.33009457757864e-06,-2.55518229923131e-06,0,-2.91678315164424e-06,-4.08562574731528e-07,0,8.30800662941537e-07,1.70159767715268e-06,0,-2.37790725075639e-09,-7.78567989600825e-05,-0.000234233978395929,0,-1.93178932339414e-05,-2.03585904595722e-06,-6.42272745690056e-06,0
"east_of_england","beta24",5.5395736153133e-08,-5.40708836285591e-07,-4.17835839580197e-08,-6.30825387241031e-09,5.54810352216341e-08,1.28720450151281e-08,9.25639665059721e-09,-2.38283589880877e-08,1.5014754117005e-08,5.82617112754758e-08,3.96783510075585e-08,3.12292520803969e-08,2.95738704421939e-08,6.25053760699208e-08,1.51342646507828e-08,1.7529207694322e-08,1.3530320434812e-07,1.18014216055903e-07,3.20480713850187e-07,-1.76099881854386e-07,3.31617084002909e-07,1.90854477926374e-08,3.03089546459021e-07,-3.07453624213603e-07,0,0,-6.9074730502684e-09,0,0,0,0,0,0,0,8.77717017282728e-09,-5.9933482532945e-09,1.03061586437502e-08,1.71915847628989e-08,-2.3470003262985e-08,5.74358059570431e-09,2.76648999850926e-07,1.21403516744614e-07,3.02660657072918e-07,-5.68816808376085e-07,0,3.29303682424569e-07,-2.6610440593413e-07,-7.87903491543576e-07,7.00826039454213e-07,-3.66912305031117e-08,-7.51299434937361e-08,-5.50294858032926e-07,0,-5.56409750329562e-07,-1.76857686886168e-07,8.10842736155162e-08,-9.5352855044948e-07,2.82373092478165e-09,3.29468597876364e-09,3.00029744318284e-09,1.22766017991269e-09,1.17141364777504e-08,1.4072329197321e-09,1.59451033957959e-09,2.52730948654211e-09,-3.23515523425784e-10,6.34591764937667e-10,-1.27412873877596e-06,9.48493842632493e-07,1.36020091189143e-06,0,2.01698305851035e-06,-8.39009820952517e-07,0,-1.216549929111e-06,4.81412623796458e-07,0,1.34967151418706e-09,-9.4180728575924e-05,-0.000205233659404152,0,1.01546196143781e-05,-1.67207218580386e-06,-5.20491261174732e-06,0
"east_of_england","beta25",-2.41004590774394e-07,-2.85978776033069e-07,2.41785097825271e-08,1.30359449349898e-07,4.10879446118955e-08,-7.40739265940174e-09,3.2626698231806e-08,-9.43907997984983e-09,1.80445328302289e-08,7.74095307409658e-08,3.17499632194946e-08,3.92293816450149e-08,3.91716150865051e-08,2.78886608924393e-08,3.29941863875364e-08,-9.78795320523632e-08,1.4869285304647e-07,2.11685876827315e-07,1.76672329995062e-07,3.64642775378394e-07,1.90854477926374e-08,3.73396002529504e-07,3.98077355616851e-08,7.4185920736455e-07,0,0,-8.35885179107457e-09,0,0,0,0,0,0,0,3.35934740275768e-09,1.15519089905705e-08,-7.40958897994716e-09,2.65942356933184e-08,2.22299772858414e-08,-4.24090900683405e-08,-1.23868812986026e-07,-3.8952004513063e-07,-2.79436933095751e-07,4.6456026620614e-07,0,-1.28496219868011e-06,-3.00051265545692e-07,1.44648186438594e-07,-5.15724387294889e-07,3.53262228109957e-08,-1.36238372790331e-07,-6.18899099467213e-07,0,-1.73751840235811e-07,3.06666139066198e-08,-1.37561532697286e-07,-6.19613205787029e-07,7.11718052940438e-09,8.37159549577391e-09,7.11003525872779e-09,4.28681980019234e-09,1.29087686297939e-08,1.19315184680727e-09,5.8974124596617e-09,5.99271401048629e-09,3.77249299227878e-09,7.54360466030346e-09,1.2121787093005e-06,1.69379622809265e-06,-1.25662964528439e-07,0,2.72949036355939e-07,-9.43149805936394e-07,0,5.86022551831138e-07,-1.48864981326507e-08,0,-2.95810675068431e-09,-9.19358816601041e-05,-0.000251867484662122,0,-3.13393881706963e-06,-1.84986771981666e-06,-6.72247828212924e-06,0
"east_of_england","beta26",1.15341722637905e-07,-1.65205561865585e-06,-6.22263811780938e-08,3.39587848650345e-08,4.72938183151136e-08,9.93775964686334e-09,9.30627177283982e-09,-1.71386912228338e-08,3.63507992101166e-08,5.64154058919333e-08,5.67184341384256e-08,4.60508155211876e-08,4.01249023625506e-08,7.40761040271067e-08,3.99549667430639e-08,3.97554837721575e-08,1.76385422005738e-07,1.53642884919933e-07,3.24247503928009e-07,8.88385321684616e-08,3.03089546459021e-07,3.98077355616851e-08,6.70444552711503e-07,-1.56016549430283e-06,0,0,-8.89299053426021e-09,0,0,0,0,0,0,0,1.00667848937884e-08,2.23546389395771e-09,9.12785028293286e-09,2.58648209117425e-08,-6.44969992903848e-09,-6.2716341144429e-09,5.36996186760397e-07,-6.87381004797946e-07,-5.36679475790109e-07,-1.14738038578449e-06,0,2.40044626305605e-07,-9.89126219780372e-07,-1.42743348933422e-07,1.60003110803108e-06,6.09838540545371e-08,-1.74847728973572e-07,-1.04424194250869e-06,0,-1.05323794314608e-07,-1.30003195009993e-07,1.93234628105328e-07,-8.40621586452618e-07,7.13942571974317e-09,1.21664355623129e-08,1.48742113322443e-08,9.51439274181677e-09,2.14023458484158e-08,7.70869917396687e-09,9.1429391761346e-09,8.39673620371524e-09,3.70266363936907e-09,4.95290450373147e-09,-6.03010523307891e-07,3.8101388834279e-06,1.74632075746452e-06,0,1.15255696088074e-06,-2.60847045788097e-06,0,-1.99390929358387e-06,4.42516656234145e-06,0,-4.21638262170751e-09,-0.000112344983302048,-0.000260845701148031,0,3.85270675204101e-06,-1.99950694983772e-06,-6.56564414361496e-06,0
"east_of_england","beta27",-2.95073047397599e-06,8.23116908646834e-06,-6.30616777657069e-07,2.82207919262777e-07,2.65358522981479e-07,4.71653786785026e-08,-3.48022472690386e-08,3.84794719683711e-08,-5.09726959899404e-08,1.06958376841769e-07,-7.81279321538936e-08,2.85027067505995e-08,2.37150028367305e-09,6.86299407580011e-08,-5.64452079464851e-08,-2.84108974054444e-07,1.03588859076111e-08,3.10510418347477e-07,-1.62848528718785e-07,5.40454042934874e-07,-3.07453624213603e-07,7.4185920736455e-07,-1.56016549430283e-06,1.41848651241892e-05,0,0,-2.79783440095348e-08,0,0,0,0,0,0,0,2.11857623523342e-09,-2.18930243456973e-08,5.55093055218704e-08,-4.89701374619723e-08,8.8962081164984e-08,-4.91803871520158e-08,-1.63702532297043e-06,2.92253756148715e-06,4.05067735767386e-06,6.3696529952545e-06,0,-1.44985496128015e-05,5.3259211458673e-06,-6.23633079460073e-06,-2.85429739105752e-06,-1.15526641209088e-06,7.61722002387071e-07,4.81337077117804e-07,0,-4.51883526699754e-06,-5.58086893259309e-08,-1.43652388603542e-06,2.17001702766176e-06,1.38229385218367e-08,1.23970211626018e-08,-1.21753282369166e-08,-1.3471904305688e-08,-6.02294358699895e-09,-1.58025877580398e-08,1.4744641538949e-08,5.64130036130553e-09,-3.34375098783837e-10,1.09827110167042e-08,-4.18225857388261e-06,-1.00514312207446e-05,-8.23966953142567e-06,0,-2.42853580009385e-07,4.11409910706532e-06,0,6.61255849745642e-06,-2.28725188898379e-05,0,1.36970040260842e-08,-6.0651101941796e-05,-0.000360738024425861,0,4.45801330635328e-05,-7.14218121835086e-07,-5.26842568071713e-06,0
"east_of_england","beta28",0,0,0,0,0,0,0,0,0,0,0,0,0,0,0,0,0,0,0,0,0,0,0,0,0,0,0,0,0,0,0,0,0,0,0,0,0,0,0,0,0,0,0,0,0,0,0,0,0,0,0,0,0,0,0,0,0,0,0,0,0,0,0,0,0,0,0,0,0,0,0,0,0,0,0,0,0,0,0,0,0,0,0,0,0
"east_of_england","beta29",0,0,0,0,0,0,0,0,0,0,0,0,0,0,0,0,0,0,0,0,0,0,0,0,0,0,0,0,0,0,0,0,0,0,0,0,0,0,0,0,0,0,0,0,0,0,0,0,0,0,0,0,0,0,0,0,0,0,0,0,0,0,0,0,0,0,0,0,0,0,0,0,0,0,0,0,0,0,0,0,0,0,0,0,0
"east_of_england","beta3",-7.61629396774526e-08,-1.80433342848889e-06,4.32417781251021e-07,-8.20732526625981e-08,9.20418287499481e-08,-2.47382030144844e-08,3.90841909523954e-08,-5.89598646272168e-09,-2.88335567067832e-09,6.76293779070225e-09,-1.10825676995376e-08,1.11133157374607e-09,-3.149176112133e-09,1.79016383602463e-09,3.32784772014547e-09,-9.9448864342522e-07,-1.25484806170565e-08,-5.04377541073243e-09,-9.90898712029058e-09,-8.3057652731366e-09,-6.9074730502684e-09,-8.35885179107457e-09,-8.89299053426021e-09,-2.79783440095348e-08,0,0,1.85219599189317e-07,0,0,0,0,0,0,0,-1.12636916664717e-07,1.07889716136174e-07,-6.55835791014744e-08,2.07826866540663e-08,-1.48253974193114e-08,3.04115145968277e-08,-7.93861982381364e-07,4.24836488180394e-08,4.14734864796042e-07,3.44029454302145e-07,0,-2.6191781379039e-07,9.23590756383665e-09,1.65706846926681e-07,-2.09059013759534e-07,1.77638377741151e-07,9.32973206554308e-08,-2.80113137963782e-07,0,-8.27596456805321e-08,3.40324156132891e-07,1.35385087567807e-08,1.23030369626269e-06,2.95963928410209e-10,-2.11866842194582e-09,-5.94823424017766e-10,8.43545885164695e-10,1.98918082967932e-09,1.18883023080684e-09,4.29445177503113e-10,1.05515221897459e-09,-3.76300941351074e-10,-9.66407681922789e-11,2.96051142227143e-07,-1.44773421980937e-06,-1.31999313993813e-07,0,1.01612151110869e-06,-1.46602922980352e-07,0,4.2572848180377e-07,-5.33946681934282e-07,0,-3.74121589565862e-10,6.05166899664063e-06,1.235812818497e-05,0,4.88733508493452e-06,1.18212981431479e-07,3.32634012349266e-07,0
"east_of_england","beta30",0,0,0,0,0,0,0,0,0,0,0,0,0,0,0,0,0,0,0,0,0,0,0,0,0,0,0,0,0,0,0,0,0,0,0,0,0,0,0,0,0,0,0,0,0,0,0,0,0,0,0,0,0,0,0,0,0,0,0,0,0,0,0,0,0,0,0,0,0,0,0,0,0,0,0,0,0,0,0,0,0,0,0,0,0
