"region","name","alpha_admission","alpha_D","alpha_death_hosp","alpha_H","beta1","beta10","beta11","beta12","beta13","beta14","beta15","beta16","beta17","beta18","beta19","beta2","beta20","beta21","beta22","beta23","beta24","beta25","beta26","beta27","beta28","beta29","beta3","beta30","beta31","beta32","beta33","beta34","beta35","beta36","beta4","beta5","beta6","beta7","beta8","beta9","mu_D","mu_D_2","mu_D_3","mu_D_4","mu_D_5","mu_gamma_H","mu_gamma_H_2","mu_gamma_H_3","mu_gamma_H_4","p_G_D","p_G_D_2","p_H","p_H_2","p_H_D","p_ICU","p_ICU_2","p_ICU_D","p_NC_15_24","p_NC_25_49","p_NC_50_64","p_NC_65_79","p_NC_80_plus","p_NC_weekend_15_24","p_NC_weekend_25_49","p_NC_weekend_50_64","p_NC_weekend_65_79","p_NC_weekend_80_plus","p_W_D","rel_p_D_alpha","rel_p_D_delta","rel_p_D_omicron","rel_p_H_alpha","rel_p_H_delta","rel_p_H_omicron","rel_p_ICU_alpha","rel_p_ICU_delta","rel_p_ICU_omicron","rho_pillar2_tests","seed_date_alpha","seed_date_delta","seed_date_omicron","start_date","ta_alpha","ta_delta","ta_omicron"
"east_of_england","alpha_admission",1.28054786075044e-05,-4.92638071261184e-05,2.27575612868013e-08,-2.45743318724907e-08,1.56435344390174e-07,6.65597300345164e-08,-1.52096296242009e-07,1.09306498716047e-07,-1.50772056191119e-07,2.01854058425855e-07,3.71438435858846e-08,-1.74864178079722e-08,2.23134808106407e-08,-7.7982909965045e-08,-7.93335688119524e-08,1.16365332466241e-06,6.29622271026442e-08,-2.38001820024423e-07,-6.64738631907586e-08,-3.39845407061856e-08,-7.32155207200704e-08,-8.81954871897317e-08,-1.12511133158345e-07,1.75030206549126e-07,0,0,-2.01907018739217e-07,0,0,0,0,0,0,0,1.43023118329388e-07,-1.47095131013155e-07,-6.70799138656359e-08,1.1099010639007e-07,-3.35575523769616e-08,-1.34650836695041e-07,-1.2297606373967e-06,1.90761409771917e-06,1.67955281174722e-06,1.22445157725124e-06,0,1.48388667631546e-06,-2.02460252366486e-06,1.44168071075631e-07,-2.78355545461399e-06,6.03042099037023e-07,1.25399710319905e-07,2.41066533468066e-07,0,4.84625789333583e-06,-3.36426222262381e-07,1.27686488601089e-07,-9.06067209988315e-06,-3.60407663851262e-09,-3.95015012044313e-09,-2.26661295427377e-08,2.09296140541595e-10,-1.62950862074274e-08,-5.83825307970755e-09,-1.24605032291201e-08,-3.48369636024041e-09,-1.21169193376415e-08,-2.9061436276767e-08,-7.18879849261776e-06,-1.78336575988609e-05,1.98461527668679e-06,0,1.32501458926916e-05,-7.24773129330589e-06,0,-4.83265200511668e-06,6.78883612321467e-06,0,-6.3901178831661e-09,1.96161650717846e-05,0.000178804443551951,0,9.56685887334023e-05,-9.70032126194882e-07,4.26262337463291e-06,0
"east_of_england","alpha_D",-4.92638071261184e-05,0.0472852204034548,-3.90315986799017e-05,2.02691294966589e-05,-0.000122442064264859,-4.48955906705588e-06,2.62402686468322e-07,7.94348822123199e-06,-1.31432067137299e-05,5.14920220973008e-06,-8.4433432925915e-07,-1.13387567878796e-06,-4.91247593208517e-06,-1.18518772506116e-06,1.07582837322638e-05,5.44582330349916e-05,-2.06234118943842e-05,7.7700692151953e-06,-8.52126264976551e-06,-3.4797534352078e-05,3.69099226217151e-06,-9.05030880660683e-06,-1.17782398118919e-05,-1.50333879227547e-05,0,0,2.55425687109921e-06,0,0,0,0,0,0,0,-6.59986479381399e-06,6.68540704709804e-06,1.06119865731764e-06,-1.10112417179271e-05,9.84990335056835e-06,-7.4517720179639e-07,-0.000203783147538665,4.11135470641538e-05,-3.86442885952578e-05,-1.14078395567355e-05,0,-0.000221664133104893,0.000332499239186464,0.000179271322721797,-7.93115117010249e-05,-4.1776185288029e-05,-2.03319255522699e-05,0.000184725429542822,0,-5.91752960134896e-05,-0.000150355394537845,2.73593032685707e-05,0.000158398970789856,-2.57290537200187e-06,-1.81610663495593e-06,-1.85218423747712e-06,-1.36127850133095e-06,-3.9580844134156e-06,-2.21047920683619e-06,-6.33879946092352e-07,-9.03314195190801e-07,-6.88931957665769e-07,2.1890469397558e-07,-0.000543803358337637,1.52871081068142e-05,0.000356878064920591,0,-9.26716819975228e-05,-0.000150994529835876,0,-0.000101141537506061,5.59990494854456e-05,0,-2.44854272288975e-06,0.000489378741681008,0.00829332209217696,0,-0.0318946642145563,-3.43440252931041e-06,0.000187171028577476,0
"east_of_england","alpha_death_hosp",2.27575612868013e-08,-3.90315986799017e-05,8.23221965719123e-06,-6.22955244906729e-07,7.99775843728512e-08,6.74931939941274e-08,-2.15368593809623e-07,7.3297841295432e-08,-5.35644629501615e-08,-9.41683659698154e-08,1.85912454657463e-07,-4.06192531777336e-08,2.65378015363402e-08,-2.4245119387383e-08,-1.1192084414518e-08,4.19177317239396e-07,-4.54301745428969e-08,-6.82114873980858e-08,1.55243048273275e-08,-1.82910556959291e-07,2.3683304039618e-08,-9.55838639180296e-08,-8.11279408739079e-08,-1.63005810586585e-07,0,0,1.34929077357448e-07,0,0,0,0,0,0,0,-1.27852441425123e-07,1.45050690392366e-07,-1.44738753556925e-07,3.74887228610892e-08,4.20656826285294e-10,-1.65907499161374e-08,3.26147793893226e-06,4.13979446529457e-06,1.84389897157561e-06,5.81935933774889e-06,0,3.05796289065028e-06,-7.09785475608261e-06,-8.31051359471493e-07,2.82116467497441e-08,1.5011507022651e-07,2.76739225027035e-07,-5.60022916555986e-07,0,-2.64401488774434e-06,-1.50994684486857e-07,3.61947631770729e-07,-1.56557310416834e-06,9.54440720899732e-09,-2.07621534920716e-08,-1.41393429736138e-08,8.09174829038818e-10,6.3917140640985e-09,-1.76639966860743e-08,-1.07855328456795e-08,-6.17519006356855e-09,2.33415796697782e-09,5.6422916211183e-09,-5.20483032341255e-06,-2.57636753135215e-05,1.3645394552706e-06,0,2.22248047573508e-05,-5.65682047323384e-06,0,-1.13586499771664e-05,1.40114280620493e-05,0,4.1548805371831e-08,-4.95056475495357e-05,3.95651355063748e-05,0,7.58434325839585e-05,-2.96506952714466e-07,1.91597440544508e-06,0
"east_of_england","alpha_H",-2.45743318724907e-08,2.02691294966589e-05,-6.22955244906729e-07,4.21037712650336e-06,1.01322165450338e-07,-8.24700576333562e-08,5.16412644038393e-08,-2.98177890772962e-08,1.6766930611228e-08,3.48786149352862e-08,5.56640819277347e-08,-7.7972629590483e-09,1.64998477843152e-08,-9.2344056021779e-08,7.55888163812482e-08,-1.67885844515546e-06,2.04040425194806e-08,8.35228355350359e-08,-9.96937071132261e-08,9.69872840754090e-09,8.22005077542999e-10,4.68395744540138e-09,5.98759598282638e-08,-2.46644479769305e-08,0,0,-1.15585385551828e-07,0,0,0,0,0,0,0,5.38089476515729e-08,-6.37923847483665e-08,1.01938661026294e-07,1.41037573588424e-07,1.1032638188487e-07,-2.64654844065331e-07,2.95838068124665e-06,1.17276912830899e-06,-8.93528476573229e-07,-1.233005211976e-06,0,7.75889705882594e-07,4.42454180787091e-06,1.17161749146342e-06,-3.80837239468159e-06,3.97290410592631e-07,-1.54767314209933e-08,-4.27711952023326e-07,0,-1.50231630620151e-06,-2.10828523818954e-06,4.7389471898427e-07,1.96769589028451e-06,-1.21072636767804e-08,4.17337856640209e-10,8.21061497673763e-09,-5.03261844589258e-09,-9.36794190022396e-09,-6.37151712013206e-10,8.98764879577479e-09,1.50992302604478e-09,-6.94450858218344e-09,-1.03888274121323e-08,-3.08590203352273e-06,1.39299417719449e-05,-2.26354521224785e-06,0,-4.8322431601941e-06,9.31986610438743e-06,0,-2.2335332553353e-06,-8.55247251682324e-06,0,-2.74616747838145e-08,-1.24299436990144e-05,5.7673323236241e-05,0,-0.000121361458050858,-3.87107929964545e-09,-9.69117099737096e-07,0
"east_of_england","beta1",1.56435344390174e-07,-0.000122442064264859,7.99775843728512e-08,1.01322165450338e-07,4.87092994716842e-06,-7.92047668414429e-08,2.37090659744814e-07,-8.23365646298078e-08,1.62266242303068e-08,1.07649942051563e-07,-6.00874547499544e-08,6.0304491441259e-08,-6.68615313003088e-09,1.32905075143453e-07,-8.98848405517495e-08,-4.36921889786449e-06,1.04108089075467e-07,-2.53772717047291e-08,6.06687840274655e-08,8.37027594033802e-08,5.03959013398151e-09,5.39696857247519e-08,8.6419874956104e-10,-5.05364003096412e-07,0,0,8.59537333616827e-08,0,0,0,0,0,0,0,1.71062255711892e-08,-7.09762641770058e-08,7.68046862644222e-08,2.40972348464033e-08,-3.75093825146662e-08,8.54031771565909e-08,1.31325852208882e-07,1.87671045776012e-06,3.40697584927589e-06,2.83767616203661e-06,0,-8.63843712634724e-07,-2.15317160358885e-06,1.39783996423093e-06,-1.65914439764562e-06,2.81902252050315e-07,1.96833629559721e-07,-1.50836519574407e-06,0,8.06425675172595e-07,-5.24346607838683e-08,1.90632433189786e-07,-8.1829054490168e-08,7.89392729960513e-09,8.83251888075792e-09,9.87134546089142e-09,9.37499259511823e-09,2.93739852912302e-09,1.06958937266182e-08,2.74004941320186e-09,8.1517158998882e-09,4.69500378322956e-09,1.43509832424975e-08,1.17358111253423e-05,-2.49796420413366e-05,1.32298677307517e-06,0,6.99974288606064e-06,1.48690500231306e-06,0,-4.07500247996472e-07,-2.76996136077324e-06,0,-1.18460429222423e-08,-4.29859410623449e-05,-1.63215347561811e-05,0,0.00118867812249293,-8.98002636985387e-07,5.99775050583993e-07,0
"east_of_england","beta10",6.65597300345164e-08,-4.48955906705588e-06,6.74931939941274e-08,-8.24700576333562e-08,-7.92047668414429e-08,6.14251310342554e-07,-6.22184296666538e-07,1.32630267641276e-07,-3.7385967576696e-08,3.04368402959883e-08,-3.75135043292594e-08,1.53652649433391e-09,-1.41947969907246e-09,-2.20237390079631e-09,-1.02881994751103e-08,1.52803380827036e-07,1.7210335017126e-09,-3.19266007862121e-08,-1.48733814844908e-09,-2.03108111156466e-09,-6.93000162501064e-09,1.14997843336622e-09,-8.40068402320121e-09,3.74228450397198e-08,0,0,-1.70435895195784e-08,0,0,0,0,0,0,0,1.95183538125652e-08,-3.76749438018135e-08,8.452733131602e-08,-1.37631631169422e-07,3.57041197127133e-07,-6.67347487411621e-07,1.4481102032807e-06,5.73128801640947e-07,6.88122498714835e-07,1.96420732442497e-06,0,7.32446868158281e-07,2.95713162894848e-07,-4.12869901373483e-07,8.19733341605623e-07,-2.01347349793234e-08,3.0429182973642e-08,-4.30636133193252e-07,0,-3.84618982394951e-07,6.07696983083417e-08,1.49192989181777e-07,-9.42481249358242e-07,3.43867345070953e-10,-3.37373261487646e-09,-1.11815972060577e-09,3.71282099595529e-10,4.94840447437804e-09,3.51950048176904e-09,2.26254131572492e-09,6.37383687420045e-10,7.14108877841975e-10,-7.5283544553438e-10,2.40886047772196e-06,-4.78008502946057e-06,-2.09290164293567e-06,0,2.54285030340384e-07,-6.45417250786561e-08,0,-3.98883210632287e-07,-1.41192154759314e-06,0,5.79500008060422e-09,3.92481823872516e-06,-2.6127153474523e-05,0,-1.92988986313588e-05,2.49000015715846e-07,2.73682946345241e-07,0
"east_of_england","beta11",-1.52096296242009e-07,2.62402686468322e-07,-2.15368593809623e-07,5.16412644038393e-08,2.37090659744814e-07,-6.22184296666538e-07,1.09298397122571e-06,-3.96198356578346e-07,1.46344702836159e-07,-1.0756346629688e-07,4.78596522112846e-08,-7.13112124025888e-09,1.31875107872228e-10,-4.20519388008506e-09,-3.52581820007486e-09,-1.8788698625813e-07,2.965181608319e-09,3.26749451194959e-08,-3.86007262288232e-08,3.58515700580376e-08,1.99882043918315e-08,-1.22874953973637e-08,2.57424513011293e-08,1.10102504713844e-08,0,0,1.48923323869699e-08,0,0,0,0,0,0,0,-1.43494867141757e-08,3.69838059016791e-08,-7.82109474506222e-08,1.28343606547456e-07,-2.61185501576034e-07,5.07131974489196e-07,-5.727389967032e-07,1.99687377033268e-07,-1.68128841139192e-07,-1.53946918442439e-06,0,-9.78353507688718e-07,-2.80091704113146e-08,8.2303667335986e-07,-1.52199433766223e-06,6.52617847072451e-08,3.50440665094912e-08,-7.78262928253177e-08,0,-2.63003154324004e-07,-5.71177834815631e-07,-1.91971930459652e-07,1.62615964500567e-06,1.80305265213844e-09,8.80633161770326e-09,4.42116586758964e-09,5.36571406607439e-09,-3.20140637804824e-09,-1.39639528250259e-09,-5.04815087946866e-10,1.57194495991745e-09,1.93205712109492e-11,2.88022084877041e-09,-2.77634695083858e-07,-1.57643189444242e-06,3.48842275665684e-06,0,7.95129702946162e-07,4.4289707615222e-07,0,1.30921887080976e-06,1.65420192749255e-06,0,-5.10947717582777e-09,9.50108137028361e-05,1.28372501813771e-05,0,5.39701512991847e-05,3.79109003877747e-07,-5.22882566634586e-07,0
"east_of_england","beta12",1.09306498716047e-07,7.94348822123199e-06,7.3297841295432e-08,-2.98177890772962e-08,-8.23365646298078e-08,1.32630267641276e-07,-3.96198356578346e-07,3.76358219989832e-07,-2.21892266372412e-07,1.57597349401245e-07,-7.58325156875958e-08,-2.03905293201209e-09,-1.5545153899776e-08,-2.35134362534978e-09,-1.38523976578716e-08,-5.17227670923679e-08,-3.26088159072482e-08,-2.36157083321576e-08,-4.88339338465423e-08,-1.08657903293922e-08,-3.32832985328994e-08,-1.97191123632617e-08,-4.04905719498944e-08,-7.37655194009957e-08,0,0,6.60485037578379e-09,0,0,0,0,0,0,0,4.90735413081667e-10,-8.89806369678828e-09,2.88335050787937e-08,-3.12613821679714e-08,6.14962573839343e-08,-1.03278769846578e-07,-2.32836466385659e-07,8.21051407594508e-07,2.85249605699565e-07,4.72956472189194e-07,0,4.64603948919039e-07,-4.94233743101263e-07,-2.99000039485847e-07,2.16608849915318e-07,-1.72312297119774e-08,-4.25642099236413e-08,-2.5359639449736e-07,0,-1.23258311620791e-07,7.32309564794076e-08,1.2997835050542e-07,-1.25534388704858e-06,7.87071925284943e-10,-1.47968735184519e-09,-1.18715591207227e-09,-3.1590005721744e-09,3.74481330165054e-09,1.39089973945258e-10,1.76973647008598e-10,-1.10434785075218e-09,1.23077616740148e-09,-4.78249419012669e-10,2.53738162565327e-07,-2.98333086998259e-06,-1.29814267175996e-07,0,6.70862026116563e-07,-2.30753027891282e-07,0,-1.10557714861443e-06,-6.05948571970647e-07,0,9.31169296005115e-10,3.14730624412161e-05,7.47336412939052e-07,0,-2.7824576410817e-05,6.74787615858784e-07,7.47130986020876e-07,0
"east_of_england","beta13",-1.50772056191119e-07,-1.31432067137299e-05,-5.35644629501615e-08,1.6766930611228e-08,1.62266242303068e-08,-3.7385967576696e-08,1.46344702836159e-07,-2.21892266372412e-07,2.41943915100006e-07,-2.01532840932084e-07,1.04586604789061e-07,8.71735471172187e-09,2.33224686201369e-08,1.20776574289995e-08,2.58801780864252e-08,9.59449070434101e-08,2.78479049511869e-08,3.38181735817655e-08,6.29171528923499e-08,2.01975734037901e-08,2.83090830689654e-08,3.93151974739173e-08,4.57051397216935e-08,4.52555653237216e-08,0,0,-5.35217081055842e-09,0,0,0,0,0,0,0,2.15764272455074e-10,5.27157188800656e-09,-6.34186713378365e-09,1.99861286377147e-08,-3.23972168434631e-08,4.80823678883567e-08,3.29858063476392e-07,1.68279960161811e-08,1.92000553407984e-07,1.5455382076554e-07,0,2.89448063053819e-07,1.16098788262789e-07,4.56007975600011e-07,-2.10521344927622e-07,7.17660558817074e-08,3.22164846148995e-08,-2.50514685504832e-07,0,-2.41949022490205e-07,-3.11079364763652e-07,-2.54849875513335e-08,1.20626178084115e-06,1.14470738076159e-09,4.65492535978481e-09,3.43228487348013e-09,4.22277010427557e-09,1.977152041972e-09,1.98995687555938e-09,1.65908239255015e-09,1.74375915492482e-09,1.99687137589569e-10,1.00150719611848e-09,-2.78449615646296e-07,-1.36560471789547e-06,-5.1878816726669e-09,0,-4.34288971707743e-07,5.85336958701456e-07,0,5.00374949881239e-07,4.53337152058686e-08,0,5.8290877705605e-09,-1.66406849041157e-05,-1.48560483363831e-05,0,3.96014670481138e-06,-7.45563078637762e-07,-6.19365716452073e-07,0
"east_of_england","beta14",2.01854058425855e-07,5.14920220973008e-06,-9.41683659698154e-08,3.48786149352862e-08,1.07649942051563e-07,3.04368402959883e-08,-1.0756346629688e-07,1.57597349401245e-07,-2.01532840932084e-07,4.76409349724363e-07,-2.1137704163596e-07,6.23964061175306e-08,2.04022073890403e-08,8.82585293651124e-08,2.27251301367803e-08,-2.16336829056452e-07,6.18806934585845e-08,3.1948943783404e-08,6.14487310373405e-08,7.63592747388446e-08,3.31513666346192e-08,5.04017309515557e-08,3.6314593993749e-08,1.40445892557665e-07,0,0,5.6615376832387e-09,0,0,0,0,0,0,0,2.13313151718714e-09,-2.93365881860709e-09,2.79983951632521e-08,-3.65216043907148e-08,5.91847314792031e-08,-4.37469095772973e-08,8.08314295273702e-07,1.24908868953845e-07,-2.94594206555381e-07,3.69686908074768e-07,0,6.10599786062958e-07,-7.36110555146958e-08,3.67859117972143e-07,5.48814769170619e-07,5.43147822405078e-08,-2.02705044699113e-08,-3.57319083250526e-07,0,3.56093089140891e-08,-3.83433619590762e-08,1.50160634604828e-07,-1.1107526557091e-06,3.63974928288435e-10,-1.1166005869791e-09,-8.33009491950967e-10,-2.08418005840938e-09,-7.36769900764125e-10,-2.98177050888354e-10,7.96974339715461e-11,-4.96175964782355e-10,2.1344727950469e-10,3.75278177034812e-09,2.16058261307918e-07,2.22087528360277e-06,-1.57792717854879e-06,0,2.25664393884245e-06,-7.45782594965733e-07,0,-8.85936568081146e-07,6.55401570168829e-07,0,-3.88229646685038e-10,-0.000125948997487777,8.86698550891401e-07,0,1.66775988097324e-05,-2.39368617540523e-06,2.29002921237952e-07,0
"east_of_england","beta15",3.71438435858846e-08,-8.4433432925915e-07,1.85912454657463e-07,5.56640819277347e-08,-6.00874547499544e-08,-3.75135043292594e-08,4.78596522112846e-08,-7.58325156875958e-08,1.04586604789061e-07,-2.1137704163596e-07,4.06927171309199e-07,-2.35239470520108e-08,7.10952647093599e-08,-1.20278357668093e-08,6.97419169201377e-08,1.13875246925851e-07,3.02693511958289e-08,6.45250646571323e-08,6.39143246259041e-08,3.62811393051367e-08,5.01655375886627e-08,6.45257973360634e-08,4.60387089919022e-08,2.69668840250858e-07,0,0,-5.9103369860416e-09,0,0,0,0,0,0,0,2.95012754845879e-09,-4.40560315392204e-12,-2.00704932872185e-08,4.83012970531488e-08,-5.97271646319839e-08,5.45773157062101e-08,4.35277578422928e-07,-8.20138126201374e-08,-2.44884449203732e-07,1.02459656976477e-07,0,-2.5732556932049e-06,5.23511300551186e-07,-3.84040460397406e-07,-2.07894715064616e-07,-2.97394286244649e-08,-3.19707768845308e-08,-1.86089542256582e-07,0,-8.82582778338002e-07,-1.93058522380401e-07,-1.40257547961966e-08,1.18868452274083e-06,-2.65717532481849e-11,-1.43425639629453e-09,1.55721164668282e-09,7.43998787952453e-10,-5.35527758383967e-09,1.41809867906617e-10,-8.24765311536831e-11,5.7953443283501e-10,5.75766260453409e-11,-1.72628563465252e-09,-1.30499795900509e-06,3.44259597075247e-06,3.39918371707192e-07,0,1.42115799056409e-06,-4.1441109801012e-07,0,-2.25665436148446e-07,-5.67066367918489e-07,0,-8.6342122777717e-09,-9.28576319714769e-05,-1.54779557939998e-05,0,-1.71105684557601e-05,-1.87186399491635e-06,-6.20220720922768e-07,0
"east_of_england","beta16",-1.74864178079722e-08,-1.13387567878796e-06,-4.06192531777336e-08,-7.7972629590483e-09,6.0304491441259e-08,1.53652649433391e-09,-7.13112124025888e-09,-2.03905293201209e-09,8.71735471172187e-09,6.23964061175306e-08,-2.35239470520108e-08,4.53992019287277e-08,3.24547678328204e-09,7.61667002010043e-08,1.49451799616793e-08,-6.88174706320422e-08,3.8845665370525e-08,3.26573890998039e-08,3.96238522482826e-08,4.70367472968811e-08,2.63335617493206e-08,3.99789802795248e-08,3.63693870086761e-08,7.17071149634134e-08,0,0,-1.31617025842419e-10,0,0,0,0,0,0,0,5.06989376311838e-09,7.66027543351972e-10,4.60847610976452e-09,-2.80687761978682e-09,5.13965319658122e-09,1.38449944161736e-08,1.06423372151079e-07,-2.5985475657075e-07,-3.47827568730966e-07,-2.77569397536366e-08,0,4.73974710441058e-07,-4.67395718922208e-07,6.77980568509055e-08,1.43533959808679e-07,4.47432491668352e-08,1.94890131284695e-08,-5.58251174291915e-07,0,-1.78827268157398e-07,-7.69654436608899e-08,6.87856518951037e-08,2.93398062358464e-07,8.61059349389878e-10,2.48327301261314e-09,1.216755130163e-09,9.56524304548431e-10,2.75885468940133e-09,1.22812943386309e-09,1.63368955021646e-09,1.2129217019619e-09,1.12827302091156e-09,2.59795620845162e-09,3.73561893868668e-07,2.89943867907212e-06,-5.79834478460824e-07,0,1.86636624316948e-06,-1.14365196031951e-07,0,-3.78274933738874e-07,1.77988494942359e-07,0,7.22738806915802e-10,-7.81446651331911e-05,-1.05848211355319e-05,0,7.94172687675163e-06,-1.34572282497089e-06,-7.69189101374505e-08,0
"east_of_england","beta17",2.23134808106407e-08,-4.91247593208517e-06,2.65378015363402e-08,1.64998477843152e-08,-6.68615313003088e-09,-1.41947969907246e-09,1.31875107872228e-10,-1.5545153899776e-08,2.33224686201369e-08,2.04022073890403e-08,7.10952647093599e-08,3.24547678328204e-09,5.51605263975157e-08,-2.77083319022369e-08,4.99619978995336e-08,8.0523972991208e-10,3.03699556692738e-08,3.69747154589521e-08,5.02416992763297e-08,2.85252669388573e-08,3.68638460264686e-08,4.23364442386051e-08,3.50018267476766e-08,1.49828022509823e-07,0,0,1.36125077072377e-09,0,0,0,0,0,0,0,5.59854699163646e-10,2.35688589392193e-09,1.86176896297978e-09,8.17964020372404e-09,-2.23645673472238e-09,7.07019068983895e-09,5.50539737115301e-07,-5.27560347694212e-08,2.83715206082859e-07,-1.83141902944091e-07,0,-1.02219378410257e-07,-1.66835639849313e-07,-6.06734684688178e-08,1.7352813193814e-07,1.36203116969176e-08,-9.66398963084026e-09,-3.88796286016702e-07,0,-3.3490854441094e-07,-1.36644230268524e-07,5.58116228158838e-08,2.65841027670338e-07,1.65176348799536e-09,1.43063910737971e-09,2.3640918850433e-09,1.3879349729245e-09,8.55674139901196e-10,1.26212713612295e-09,1.0466174186937e-09,1.06423581946901e-09,3.96435663167055e-10,2.27558714564463e-10,-2.44229308442837e-07,-2.38683057246416e-07,7.42939261906385e-07,0,9.30724288069074e-07,-2.68287864734307e-07,0,-3.57742396658598e-07,2.21281317114541e-07,0,-7.37739768934968e-10,-7.48653849976017e-05,5.1264647003582e-06,0,-7.19127719267405e-06,-1.30750131677348e-06,-2.68611433641577e-07,0
"east_of_england","beta18",-7.7982909965045e-08,-1.18518772506116e-06,-2.4245119387383e-08,-9.2344056021779e-08,1.32905075143453e-07,-2.20237390079631e-09,-4.20519388008506e-09,-2.35134362534978e-09,1.20776574289995e-08,8.82585293651124e-08,-1.20278357668093e-08,7.61667002010043e-08,-2.77083319022369e-08,3.3793110030245e-07,-1.50848035964513e-07,-1.12793340612381e-07,1.11872107717443e-07,-3.66384449172083e-09,4.94196813264644e-08,5.48611157187233e-08,3.60776533686204e-08,3.11067568991669e-08,4.20611107043854e-08,6.84329454324764e-08,0,0,-6.09342084246875e-09,0,0,0,0,0,0,0,1.95921889929608e-08,-1.87292156539697e-08,2.44701236267451e-08,-1.20125059027565e-08,-2.69460655070526e-09,2.87982390796443e-08,-3.40519363692805e-07,-9.89123461963834e-07,-6.84960609219753e-07,2.04140154952269e-08,0,-4.34144460552275e-07,1.12057202681221e-07,-1.60786535882001e-06,1.46625555636619e-07,3.62339641210937e-08,4.21886460244484e-08,-8.06460317125875e-07,0,8.58740423707384e-08,1.53666289455841e-07,-2.00172671088859e-08,8.28834389394861e-07,1.35328483943863e-09,2.17872992581066e-09,1.01890218461453e-09,1.82918304035673e-09,2.26338177573024e-09,1.50893051084457e-09,3.31346034936828e-09,1.05105902058487e-09,1.6175641405973e-09,3.94334509299542e-09,7.69401275853003e-07,4.8337739130104e-06,-1.81710286072726e-06,0,2.67285603311651e-06,2.31959373940636e-07,0,8.12033933786481e-08,7.94527424417466e-07,0,2.44005378964354e-09,-0.000125579232302074,-0.000116176190307961,0,2.55579007762765e-05,-2.18158601322791e-06,8.54843795718897e-07,0
"east_of_england","beta19",-7.93335688119524e-08,1.07582837322638e-05,-1.1192084414518e-08,7.55888163812482e-08,-8.98848405517495e-08,-1.02881994751103e-08,-3.52581820007486e-09,-1.38523976578716e-08,2.58801780864252e-08,2.27251301367803e-08,6.97419169201377e-08,1.49451799616793e-08,4.99619978995336e-08,-1.50848035964513e-07,3.85471504360511e-07,-1.59472410699219e-08,-1.68712920763531e-07,1.26890320300209e-07,-4.33902790011815e-08,2.91626915379481e-08,-2.09161566247435e-11,4.2382281241286e-08,1.27545618320336e-08,1.93881324188321e-07,0,0,1.49853814742017e-08,0,0,0,0,0,0,0,-1.55241060066846e-08,3.58105263137609e-08,-2.54248510309525e-08,2.37904496024688e-08,-1.39945549930012e-08,3.82460269219844e-08,1.46302628129437e-07,-3.35642772785756e-07,1.03353972143624e-07,9.73285317888886e-08,0,-1.18750696143848e-06,1.44591183908678e-06,-8.12892883550123e-07,6.98172063417722e-07,6.37328590533477e-08,-6.0220964905403e-08,-7.92149153616664e-07,0,-3.22695812781224e-07,-4.99889472781342e-07,3.51668848251739e-08,3.11890377839186e-07,1.99639083352636e-09,6.02601448121655e-09,4.0107779826882e-09,9.04166872600513e-10,2.24841406207623e-09,7.92578116370933e-10,6.84713784169345e-10,3.40289905091765e-09,2.15540619991239e-09,3.77396400590154e-09,-2.17097658389871e-06,8.081525002595e-07,1.3581364892064e-07,0,2.28188174131916e-06,-5.89455285483076e-07,0,1.37690690175304e-07,-1.57936745720906e-06,0,-3.17285429256157e-10,-9.35062150131377e-05,0.000193070709401852,0,-3.50157543438457e-05,-1.46208063328197e-06,9.35958370185466e-07,0
"east_of_england","beta2",1.16365332466241e-06,5.44582330349916e-05,4.19177317239396e-07,-1.67885844515546e-06,-4.36921889786449e-06,1.52803380827036e-07,-1.8788698625813e-07,-5.17227670923679e-08,9.59449070434101e-08,-2.16336829056452e-07,1.13875246925851e-07,-6.88174706320422e-08,8.0523972991208e-10,-1.12793340612381e-07,-1.59472410699219e-08,1.35373866239089e-05,-6.87603173098483e-08,-8.42364486966534e-08,4.07390228619332e-09,-6.25864117416532e-08,-6.6983197206697e-08,-4.47977040693593e-08,-3.94101323160748e-08,4.36869890694278e-07,0,0,-7.67172047716859e-07,0,0,0,0,0,0,0,3.04422085117689e-07,-2.44761906121314e-07,1.30732582543041e-07,-2.69959522001649e-07,2.6907042826706e-07,-7.88601093400755e-08,-9.00540603639041e-07,-1.61650294574427e-06,-8.8797263090676e-07,-2.06939267134403e-06,0,-1.44079257254317e-06,-2.85743202939536e-06,1.91912120771118e-06,7.03042759970938e-06,-4.92946487695178e-07,-6.52485650505393e-08,2.46327698375417e-06,0,-7.26062766392683e-08,-2.33084386521836e-06,-2.60277458508934e-07,-6.06982472657705e-06,-9.17300306650208e-09,5.12442472959151e-09,-2.38531245171693e-08,-1.50307862144458e-08,3.75569375069943e-09,9.54089730114074e-10,5.48697619151853e-09,-1.45814635292336e-08,4.92864519860346e-09,-1.32990614552906e-08,-1.24632814389956e-05,6.85059642556621e-06,4.47546259962849e-06,0,-1.06118371524075e-05,-6.03248032222174e-06,0,-2.15376684499685e-06,1.21380062465748e-05,0,3.20044361313274e-08,0.000110794166671208,3.22653792183283e-07,0,-0.000650402438186654,1.72067925012292e-06,3.18127285646516e-07,0
"east_of_england","beta20",6.29622271026442e-08,-2.06234118943842e-05,-4.54301745428969e-08,2.04040425194806e-08,1.04108089075467e-07,1.7210335017126e-09,2.965181608319e-09,-3.26088159072482e-08,2.78479049511869e-08,6.18806934585845e-08,3.02693511958289e-08,3.8845665370525e-08,3.03699556692738e-08,1.11872107717443e-07,-1.68712920763531e-07,-6.87603173098483e-08,3.51469982726416e-07,-3.99051124464851e-08,3.35612655986619e-07,1.05553452988105e-07,1.3007126058149e-07,1.54867831160605e-07,1.54004028844553e-07,2.20315102645312e-07,0,0,-7.86404365556464e-09,0,0,0,0,0,0,0,1.50534625077664e-08,-2.95479405129767e-08,3.87506584961571e-08,-1.08763743847373e-08,5.87429153666023e-09,2.632221996121e-09,8.64519655636649e-07,8.56717656588356e-08,-2.48378130071887e-07,-2.7302395371155e-07,0,9.47282071532514e-07,-8.28618812368738e-07,4.70291438460731e-07,7.63955996040371e-07,2.30399493745627e-08,3.09774238082107e-08,-3.35273249591796e-07,0,-4.40119479680028e-07,1.86760560985199e-07,5.36871730204336e-08,1.00866381949787e-06,3.19299592568904e-09,1.51968357427265e-09,3.62516905803257e-09,2.63191726813296e-09,4.52431718466051e-09,4.48206460582927e-09,2.5663830959494e-09,1.55406523289657e-09,-2.94094359589018e-10,8.29726605328031e-10,1.12012043361828e-06,2.73046491546088e-06,2.37830891240738e-07,0,9.67036080616331e-07,-1.76633146852792e-06,0,-2.09218778137386e-07,1.20506805880128e-06,0,-3.70393287453603e-09,-0.000109992982590871,-0.000114903871868036,0,2.12631294075419e-05,-1.93983498891239e-06,-4.71190950744983e-06,0
"east_of_england","beta21",-2.38001820024423e-07,7.7700692151953e-06,-6.82114873980858e-08,8.35228355350359e-08,-2.53772717047291e-08,-3.19266007862121e-08,3.26749451194959e-08,-2.36157083321576e-08,3.38181735817655e-08,3.1948943783404e-08,6.45250646571323e-08,3.26573890998039e-08,3.69747154589521e-08,-3.66384449172083e-09,1.26890320300209e-07,-8.42364486966534e-08,-3.99051124464851e-08,4.72775439107097e-07,-1.73214339949414e-07,3.33084105249073e-07,1.50661824664959e-07,2.16636419371953e-07,1.66931878683272e-07,4.45476052381917e-07,0,0,-7.00520621816016e-09,0,0,0,0,0,0,0,8.88906674107359e-09,1.08145496117925e-08,-2.37124059675215e-08,4.31313617523222e-08,-4.61789821368703e-08,4.80902744685069e-08,4.87010634573066e-07,-2.11245868652911e-07,1.39217272890906e-07,6.7044820128005e-07,0,-1.0590266466175e-06,5.12448524360505e-07,1.4001924740428e-06,-6.72476028259972e-07,6.00229045598854e-08,-4.13562788414904e-08,-7.64469203025759e-07,0,-4.36430114639243e-07,-7.41346701218925e-08,1.91300824289351e-07,5.64787899563832e-07,5.34464812671255e-10,1.9007585196079e-09,2.69210065363024e-09,9.92368313838382e-10,-2.55774674245736e-10,2.22230248355249e-10,3.66604770266629e-10,2.91208600151371e-09,2.48394217544039e-09,3.27359457759365e-09,8.02405747533598e-07,-7.63101964509089e-07,-1.50016729197801e-06,0,2.41535222613658e-06,-2.12026990516749e-08,0,-1.1852130952207e-06,-7.40138989830529e-07,0,-6.73784869768663e-09,-0.00010641582131171,-0.000275230155264447,0,-2.09764783225341e-05,-1.90354997715708e-06,-7.00956029632115e-06,0
"east_of_england","beta22",-6.64738631907586e-08,-8.52126264976551e-06,1.55243048273275e-08,-9.96937071132261e-08,6.06687840274655e-08,-1.48733814844908e-09,-3.86007262288232e-08,-4.88339338465423e-08,6.29171528923499e-08,6.14487310373405e-08,6.39143246259041e-08,3.96238522482826e-08,5.02416992763297e-08,4.94196813264644e-08,-4.33902790011815e-08,4.07390228619332e-09,3.35612655986619e-07,-1.73214339949414e-07,1.46593894715518e-06,-6.7481255425861e-07,3.06000436066263e-07,1.90341018761147e-07,2.82018693139199e-07,2.26980095957123e-07,0,0,1.4734345467373e-08,0,0,0,0,0,0,0,-4.59851986701788e-09,-2.35959234877221e-09,4.4301599808714e-08,-1.18116141260057e-08,-6.84370543964721e-08,9.81259770017462e-08,-7.59332079435726e-07,-7.3561566005112e-07,-1.64343308613925e-07,-3.28116972512451e-07,0,5.44410114887171e-08,1.96113085705046e-08,-1.53678667490059e-07,1.28786741723736e-06,-1.65840749487578e-07,9.41375516498477e-08,-8.76281680476211e-07,0,1.25170546782099e-07,1.07337165131057e-07,-7.54897829767243e-08,2.29475617712236e-06,7.88367700080552e-09,5.46430746013968e-09,8.77343409920255e-09,5.06321215817137e-09,-8.46923789619486e-10,8.78481165601993e-09,1.34276746380373e-09,3.60915604549611e-09,4.65747609395375e-10,5.89737930595849e-09,3.87867597006408e-07,3.31053319328343e-06,-1.73415916746498e-06,0,3.0825174461299e-06,-1.33031388010007e-06,0,1.31005194910811e-06,-2.39175779328091e-06,0,5.00686091590624e-09,-0.000142738072388216,-0.000262515692002486,0,1.46019887517969e-05,-2.40028579494407e-06,-7.58553586547032e-06,0
"east_of_england","beta23",-3.39845407061856e-08,-3.4797534352078e-05,-1.82910556959291e-07,9.69872840754090e-09,8.37027594033802e-08,-2.03108111156466e-09,3.58515700580376e-08,-1.08657903293922e-08,2.01975734037901e-08,7.63592747388446e-08,3.62811393051367e-08,4.70367472968811e-08,2.85252669388573e-08,5.48611157187233e-08,2.91626915379481e-08,-6.25864117416532e-08,1.05553452988105e-07,3.33084105249073e-07,-6.7481255425861e-07,1.51946697419092e-06,-2.14859316727567e-07,4.08013180312507e-07,4.75576018972904e-09,9.96243679366969e-07,0,0,2.0023549048962e-09,0,0,0,0,0,0,0,4.32267761013218e-09,4.40162788731135e-09,-3.4086809556379e-08,2.19348754136936e-08,1.93009517679244e-08,-7.01625748217369e-09,3.12323600179884e-07,7.71178470859833e-07,-6.04204795768044e-07,-1.64305871918757e-07,0,4.07933615685148e-07,-5.0176808053741e-07,-6.75887221742079e-09,6.65580133771743e-08,1.91122206493937e-07,-5.17360113246925e-08,-4.06310992517257e-07,0,8.16622996307161e-08,2.47706454225168e-07,3.61631988188195e-07,-9.30934928033996e-07,5.50582386661378e-09,6.87134914509676e-09,2.56900346655246e-09,2.54604960691698e-09,1.10023353740068e-08,2.40902472973874e-09,4.78308301688902e-09,1.1343634138188e-09,2.14709931692521e-09,1.63670042779526e-09,2.22527155102592e-06,-2.19692075038812e-07,5.72701342061085e-07,0,-3.87753126171048e-07,-1.21822533961822e-06,0,-2.79144149956196e-06,3.12180567498917e-06,0,-3.43780849066964e-09,-9.00513816168513e-05,-0.000255328298775279,0,1.51541554286887e-05,-2.00215136724552e-06,-6.56147896600611e-06,0
"east_of_england","beta24",-7.32155207200704e-08,3.69099226217151e-06,2.3683304039618e-08,8.22005077542999e-10,5.03959013398151e-09,-6.93000162501064e-09,1.99882043918315e-08,-3.32832985328994e-08,2.83090830689654e-08,3.31513666346192e-08,5.01655375886627e-08,2.63335617493206e-08,3.68638460264686e-08,3.60776533686204e-08,-2.09161566247435e-11,-6.6983197206697e-08,1.3007126058149e-07,1.50661824664959e-07,3.06000436066263e-07,-2.14859316727567e-07,3.48138318080206e-07,2.07015475598235e-08,2.80841946424233e-07,-9.02996831135221e-08,0,0,-9.00453549745892e-09,0,0,0,0,0,0,0,1.87709809373647e-08,-1.86620088422598e-08,3.00842207523762e-08,6.19077214130179e-09,-3.53972601302749e-08,4.21627973363644e-08,6.08644678743401e-07,-3.38222802588418e-07,2.12906332495561e-07,7.17736687144618e-07,0,-9.11741141174471e-07,1.52495064709791e-07,3.17082239067207e-07,7.03583730724828e-08,-7.98174317205118e-08,-4.58860750969152e-10,-9.92722131760615e-07,0,-6.02518347115408e-07,-1.46402726695016e-07,1.54464912454656e-08,2.32711649626308e-07,1.40654056285354e-09,1.40596125623277e-09,5.73574643909258e-09,2.47876696262748e-09,4.92970440474346e-09,1.41573454644639e-09,1.58002318006135e-09,4.39740449886154e-09,1.62309429670523e-10,3.25156230193044e-09,6.26662981671225e-07,-3.5578200445348e-07,-1.18249794426919e-06,0,4.061448296299e-06,-5.12830334665363e-07,0,-2.95085130763972e-08,-9.24036090767626e-07,0,1.82228293854466e-09,-0.000105586806358009,-0.000224449138042811,0,-1.12338379838899e-05,-1.63251024068823e-06,-5.5634630384218e-06,0
"east_of_england","beta25",-8.81954871897317e-08,-9.05030880660683e-06,-9.55838639180296e-08,4.68395744540138e-09,5.39696857247519e-08,1.14997843336622e-09,-1.22874953973637e-08,-1.97191123632617e-08,3.93151974739173e-08,5.04017309515557e-08,6.45257973360634e-08,3.99789802795248e-08,4.23364442386051e-08,3.11067568991669e-08,4.2382281241286e-08,-4.47977040693593e-08,1.54867831160605e-07,2.16636419371953e-07,1.90341018761147e-07,4.08013180312507e-07,2.07015475598235e-08,3.97663876262749e-07,5.32568759864403e-09,1.12298020715376e-06,0,0,1.07458782707003e-08,0,0,0,0,0,0,0,-3.8485898021486e-09,7.25674977947407e-09,-3.90075995430368e-09,1.63675956525883e-08,-1.04650036947617e-08,2.11008312412288e-08,1.05390845648583e-07,-2.10499662604921e-07,-1.47515183670559e-07,-5.87398750517839e-07,0,-1.53464486277584e-07,4.51911626746027e-07,2.12330571369538e-07,-1.53769181327108e-07,6.1234522203494e-08,-1.1858102575847e-08,-7.27393871017374e-07,0,-1.49485117129243e-07,2.26299469866782e-07,1.94446180751975e-07,1.72223889807786e-06,5.38636991539813e-09,6.86221317666973e-09,5.18821544579349e-09,3.24176664818028e-09,2.68749612688719e-09,6.07317594689186e-09,3.45109902406595e-09,3.65396570369348e-09,3.72728722881555e-09,3.21136665557159e-09,1.33729863703956e-06,1.22215691682669e-06,4.27137891025486e-07,0,1.34208536345552e-06,-1.96889999613969e-06,0,-7.44928358851808e-07,-4.21495657520867e-07,0,-5.20451810214404e-09,-0.000120436669028106,-0.000269202313306097,0,7.6090335876085e-06,-2.17029471261734e-06,-7.30388578096873e-06,0
"east_of_england","beta26",-1.12511133158345e-07,-1.17782398118919e-05,-8.11279408739079e-08,5.98759598282638e-08,8.6419874956104e-10,-8.40068402320121e-09,2.57424513011293e-08,-4.04905719498944e-08,4.57051397216935e-08,3.6314593993749e-08,4.60387089919022e-08,3.63693870086761e-08,3.50018267476766e-08,4.20611107043854e-08,1.27545618320336e-08,-3.94101323160748e-08,1.54004028844553e-07,1.66931878683272e-07,2.82018693139199e-07,4.75576018972904e-09,2.80841946424233e-07,5.32568759864403e-09,6.37259121568591e-07,-1.7542344839008e-06,0,0,-1.74653465472196e-08,0,0,0,0,0,0,0,2.08314441929687e-08,-9.54699500401752e-09,3.27880463113457e-08,-8.22402962385316e-09,-8.36829583719072e-09,4.61180002086946e-08,1.29461840833462e-06,2.54558477287094e-07,5.87767508268726e-07,8.639783509397e-07,0,-1.72633842919697e-06,-2.51779619683588e-07,6.04510153192489e-07,9.85667932586068e-07,5.8919138562992e-08,3.10680681334135e-08,-1.10863031761803e-06,0,-7.04026854126696e-07,-2.02452823403069e-07,6.30672639759874e-08,-6.25220402655222e-07,9.54105415847389e-09,1.08514518424683e-08,1.38435032903909e-08,8.04663832514604e-09,1.55720877020469e-08,5.38212164705789e-09,4.19200245091369e-09,3.70837826911212e-09,3.72293346378293e-09,5.57932752197188e-09,1.0878372376542e-06,-3.10789987635465e-06,-8.89842195957205e-07,0,1.21131807697824e-06,-1.11826613375738e-06,0,-3.52446937512942e-07,7.07900515051745e-07,0,-7.48637769348154e-09,-0.000105555229968821,-0.000217088737397215,0,-1.77593563777336e-05,-1.59681801763689e-06,-5.97041281183499e-06,0
"east_of_england","beta27",1.75030206549126e-07,-1.50333879227547e-05,-1.63005810586585e-07,-2.46644479769305e-08,-5.05364003096412e-07,3.74228450397198e-08,1.10102504713844e-08,-7.37655194009957e-08,4.52555653237216e-08,1.40445892557665e-07,2.69668840250858e-07,7.17071149634134e-08,1.49828022509823e-07,6.84329454324764e-08,1.93881324188321e-07,4.36869890694278e-07,2.20315102645312e-07,4.45476052381917e-07,2.26980095957123e-07,9.96243679366969e-07,-9.02996831135221e-08,1.12298020715376e-06,-1.7542344839008e-06,1.89435553531889e-05,0,0,2.57367933554792e-08,0,0,0,0,0,0,0,3.67003325249943e-09,2.25925211255609e-08,-1.29790454939671e-07,1.96508023941662e-07,-1.02034823868843e-07,-4.77517271630692e-08,-3.71595133610803e-06,-6.84952487935924e-06,-6.18840073921106e-06,-6.58103868271525e-06,0,4.782339175487e-06,4.22173313570565e-06,-6.76215751951685e-06,3.48256776495171e-06,-4.22673474902263e-07,-2.1160061578576e-07,-2.65171459567018e-06,0,1.01869591040725e-06,1.29796300171338e-06,8.01314620528875e-07,1.13981564783865e-05,3.84906271696006e-09,-4.55578133740849e-09,-2.46968606336665e-08,-1.46323720278617e-08,-7.72789316406843e-09,7.08251794831936e-09,1.70712129641072e-08,2.77019407711077e-08,-4.92780128100257e-09,-1.18115859460731e-09,-8.54577306098708e-06,4.78103838768019e-05,4.66368008604535e-06,0,1.29884754772777e-05,-7.02488889701867e-06,0,-4.35003741174666e-06,-1.74182348627003e-06,0,2.70817867487791e-08,-0.00033989776133191,-0.000555409386290243,0,-0.000137698377394831,-6.13540169981085e-06,-1.26114242148999e-05,0
"east_of_england","beta28",0,0,0,0,0,0,0,0,0,0,0,0,0,0,0,0,0,0,0,0,0,0,0,0,0,0,0,0,0,0,0,0,0,0,0,0,0,0,0,0,0,0,0,0,0,0,0,0,0,0,0,0,0,0,0,0,0,0,0,0,0,0,0,0,0,0,0,0,0,0,0,0,0,0,0,0,0,0,0,0,0,0,0,0,0
"east_of_england","beta29",0,0,0,0,0,0,0,0,0,0,0,0,0,0,0,0,0,0,0,0,0,0,0,0,0,0,0,0,0,0,0,0,0,0,0,0,0,0,0,0,0,0,0,0,0,0,0,0,0,0,0,0,0,0,0,0,0,0,0,0,0,0,0,0,0,0,0,0,0,0,0,0,0,0,0,0,0,0,0,0,0,0,0,0,0
"east_of_england","beta3",-2.01907018739217e-07,2.55425687109921e-06,1.34929077357448e-07,-1.15585385551828e-07,8.59537333616827e-08,-1.70435895195784e-08,1.48923323869699e-08,6.60485037578379e-09,-5.35217081055842e-09,5.6615376832387e-09,-5.9103369860416e-09,-1.31617025842419e-10,1.36125077072377e-09,-6.09342084246875e-09,1.49853814742017e-08,-7.67172047716859e-07,-7.86404365556464e-09,-7.00520621816016e-09,1.4734345467373e-08,2.0023549048962e-09,-9.00453549745892e-09,1.07458782707003e-08,-1.74653465472196e-08,2.57367933554792e-08,0,0,1.60251836386311e-07,0,0,0,0,0,0,0,-1.07306892344812e-07,1.07697347384602e-07,-6.65076151616703e-08,3.0792120626395e-08,-5.17068985405052e-08,4.28941337500565e-08,-7.93743480114908e-07,-1.03525158144014e-07,-3.18669869141327e-07,9.29707985768714e-08,0,5.5561638916685e-07,-3.80901276924331e-07,-1.97709443310355e-07,-2.45451196094235e-07,3.45588083713807e-08,2.65288072406313e-09,-1.15915889558531e-07,0,3.80313572463033e-07,2.08060465714898e-07,3.76038223911246e-08,8.94637957530863e-07,1.93035378362852e-09,1.36608191329331e-09,2.26131467091475e-09,2.15321159246723e-09,1.81181978873322e-09,1.18247155965678e-10,-3.28198697792641e-10,1.43158053318513e-09,1.73033880549046e-10,2.04308978524372e-10,-3.55278867358681e-07,-3.59659984732488e-07,-3.56720147325678e-07,0,5.4255601391431e-07,1.22424933054241e-07,0,-1.9539427007811e-07,-4.47763908764115e-07,0,-8.40208198545556e-10,1.41012368390704e-06,9.408233447111e-06,0,1.12999994873742e-05,2.27604562506091e-08,1.30847447943504e-07,0
"east_of_england","beta30",0,0,0,0,0,0,0,0,0,0,0,0,0,0,0,0,0,0,0,0,0,0,0,0,0,0,0,0,0,0,0,0,0,0,0,0,0,0,0,0,0,0,0,0,0,0,0,0,0,0,0,0,0,0,0,0,0,0,0,0,0,0,0,0,0,0,0,0,0,0,0,0,0,0,0,0,0,0,0,0,0,0,0,0,0
