"region","name","alpha_admission","alpha_D","alpha_death_hosp","alpha_H","beta1","beta10","beta11","beta12","beta13","beta14","beta15","beta16","beta17","beta18","beta19","beta2","beta20","beta21","beta22","beta23","beta24","beta25","beta26","beta27","beta28","beta29","beta3","beta30","beta31","beta32","beta33","beta34","beta35","beta36","beta4","beta5","beta6","beta7","beta8","beta9","mu_D","mu_D_2","mu_D_3","mu_D_4","mu_D_5","mu_gamma_H","mu_gamma_H_2","mu_gamma_H_3","mu_gamma_H_4","p_G_D","p_G_D_2","p_H","p_H_2","p_H_D","p_ICU","p_ICU_2","p_ICU_D","p_NC_15_24","p_NC_25_49","p_NC_50_64","p_NC_65_79","p_NC_80_plus","p_NC_weekend_15_24","p_NC_weekend_25_49","p_NC_weekend_50_64","p_NC_weekend_65_79","p_NC_weekend_80_plus","p_W_D","rel_p_D_alpha","rel_p_D_delta","rel_p_D_omicron","rel_p_H_alpha","rel_p_H_delta","rel_p_H_omicron","rel_p_ICU_alpha","rel_p_ICU_delta","rel_p_ICU_omicron","rho_pillar2_tests","seed_date_alpha","seed_date_delta","seed_date_omicron","start_date","ta_alpha","ta_delta","ta_omicron"
"east_of_england","alpha_admission",2.10794540196284e-05,-1.62886455630634e-05,1.69330663356039e-06,6.42970103063259e-08,5.45096482990957e-08,-2.7422081301455e-07,2.69920511509458e-07,-7.11834929591668e-08,-9.81121336979419e-08,-1.92669802088759e-07,2.43739357451935e-07,-1.42503107200183e-07,-1.59232720869568e-08,-3.26264534279295e-07,-6.41653422092189e-08,6.94728499370194e-07,-1.25144791757757e-07,-2.0048565640542e-07,-1.55626446354657e-07,-1.34182225624526e-07,-2.8580295139943e-07,-1.66932282431745e-07,-1.96036091526779e-07,-1.39250444112829e-06,0,0,1.56078416670241e-08,0,0,0,0,0,0,0,-1.44808096898885e-08,-4.36079512359285e-08,-2.92922983486674e-08,-1.01936004079686e-07,2.09164634514527e-07,-9.59840876266113e-08,-3.90963945333425e-07,1.5254221490906e-06,-4.98319021375631e-06,6.28670987621514e-06,0,1.39947079716586e-05,1.09653250794509e-05,7.95879113167421e-06,-6.03973542318003e-06,6.89959926488958e-06,2.06329052258078e-06,2.23719886247475e-06,0,4.58897425211661e-06,6.30887031471147e-06,-3.16971459995766e-06,-4.07512675519805e-06,-5.97299905832585e-08,-5.88297608770609e-08,-2.44050769804592e-08,-3.12920265199031e-08,-9.7280579522453e-08,-3.33098406079197e-08,-1.42185020182323e-08,-1.8704179367394e-08,-9.93417574760936e-09,-1.49833109609187e-08,1.35077451765593e-07,2.11150743630093e-05,-1.9338941572607e-05,0,9.80487185941827e-06,1.14626625543372e-06,0,-9.33723622786142e-05,-6.34923000716732e-05,0,-1.42199379124252e-08,0.000186198358483205,0.000166851944103992,0,0.000103826699742538,1.65444705665164e-06,2.06592454729621e-06,0
"east_of_england","alpha_D",-1.62886455630634e-05,0.00113100366829598,-4.09088249916204e-06,3.11164213824737e-06,4.64652974182883e-07,5.47696782575858e-07,-6.59837101050949e-07,-4.37307558583768e-07,3.81037741495915e-07,-3.19341401187185e-08,-1.48675988855451e-06,-1.43208856018425e-07,-7.28930860666484e-08,-7.0110915163962e-07,1.40767578600589e-06,-1.03356204181988e-06,-9.24463739439491e-07,1.01207670719307e-06,-5.56104113294354e-07,4.62438626623788e-07,2.80388471458412e-07,-3.39878796089563e-07,2.9746146008812e-07,1.32156177731104e-06,0,0,-2.18683183900184e-06,0,0,0,0,0,0,0,1.38339063709653e-06,-5.91061412781492e-07,2.74046822044514e-07,1.08217674235335e-06,-2.50956222904198e-06,5.26149331699423e-07,2.74953229166415e-05,4.86894164736375e-05,0.000119428239274934,-4.5716725745735e-05,0,-6.33199442557196e-05,-4.59767373320066e-05,-5.41098407909703e-05,-3.52818684055849e-05,-6.30625703841707e-05,7.31548828179541e-06,-1.47400870437812e-05,0,-3.22297217882379e-05,5.3924115018407e-05,2.8738798635496e-05,-2.01893737818401e-05,-7.86348466742555e-09,-1.27170182887643e-07,8.2597073575722e-08,1.04377234813376e-07,-1.29059694108466e-07,5.9749664439292e-08,-1.38240249721494e-07,5.05534670118414e-08,-4.50672886941305e-08,1.12595188178463e-08,3.18147143121795e-06,-0.00052360695297387,0.000245919101393202,0,6.86092922102219e-05,6.86136522782129e-05,0,6.66988796690824e-05,0.000362818519958081,0,3.42440320279127e-07,-6.13547689715715e-05,-0.00037068693222555,0,-0.00028376855356943,8.1815319314457e-06,-2.17654622878215e-05,0
"east_of_england","alpha_death_hosp",1.69330663356039e-06,-4.09088249916204e-06,2.70139743935874e-05,-2.7317668744751e-06,3.88376510403971e-07,1.43894264113568e-07,-3.52193481504112e-07,2.47935392191907e-07,-2.37557069891783e-07,7.51897242412866e-09,-5.58641686715589e-08,1.63975354992994e-08,-9.84843323254258e-08,7.14912271481704e-08,-1.79479565201279e-07,-2.56880314987626e-08,-6.53965414409581e-08,-3.52161705121292e-08,-9.18468222141045e-08,-2.36444352853418e-07,-9.65581992322922e-08,-1.43386110465338e-07,-3.08154676848173e-07,-5.70204926092681e-08,0,0,3.70036740167743e-07,0,0,0,0,0,0,0,-1.84563471953223e-07,1.37563344979378e-07,-4.01490915844844e-07,3.1591893142445e-07,-4.45871864777421e-07,7.85978720522117e-08,1.03625210451001e-05,1.58188029824305e-05,2.47434381251943e-06,9.24891144485939e-06,0,4.24206155845505e-05,-2.27234787963918e-05,-2.55900718178962e-06,2.31656101887963e-06,6.77776706742319e-06,3.44410867784261e-06,1.45492301294936e-06,0,-1.5229852857958e-05,9.9634434526041e-06,-5.99678654165992e-07,-1.04121685127468e-05,-3.07771465696303e-08,-4.49865731707738e-08,-5.30536542525569e-08,-3.40000187994512e-08,-7.71379474554043e-08,-3.33005517939328e-08,-1.48664013244224e-08,-1.94941571882844e-08,-1.17369087154656e-08,-3.29499306401416e-08,-1.14469295467265e-06,-4.40999571860387e-05,5.27254368884355e-07,0,3.90178168082479e-05,-1.59739825317853e-05,0,0.000256562235049789,2.05056955699357e-05,0,-6.95382110231096e-09,5.86046932638369e-06,0.000146173274920377,0,0.000209254940695779,-6.91941571257021e-07,2.2976323248692e-06,0
"east_of_england","alpha_H",6.42970103063259e-08,3.11164213824737e-06,-2.7317668744751e-06,1.24146979490753e-05,-7.16205344634373e-07,-1.14470356962709e-07,1.24738031188878e-07,-1.33592110152976e-07,-2.28952140946193e-08,6.39043276099065e-08,1.00213240755415e-07,-8.35745624081681e-08,4.33014097618695e-09,-4.25686763965402e-07,6.61437018442426e-08,-1.84375253471892e-06,1.72431141545088e-07,1.12662505041073e-07,-6.13631333313448e-08,-1.18115006056445e-07,-3.09138920881175e-08,2.03263700521778e-08,1.55774534347051e-07,-1.49878459702489e-07,0,0,-2.36317751514246e-07,0,0,0,0,0,0,0,3.82528638903638e-08,-9.49904804211051e-08,1.35081054107246e-07,4.42256267000575e-07,1.5114877328348e-07,-7.45786915837872e-07,7.54937227967026e-06,5.69301489291514e-06,7.78750835542944e-06,4.98019548049839e-06,0,-2.23173257749322e-05,1.40311509504989e-05,4.2192739843671e-06,-1.01201150394645e-05,-9.87030739984677e-07,-6.96640352251357e-08,3.25841170074919e-06,0,-6.32948243156137e-06,-7.65772654103154e-06,2.39408049101142e-06,-3.58616025371582e-06,-2.05481989170016e-08,-2.17892124267904e-08,-1.08339119693278e-08,-9.2863255082827e-09,-3.03980881370291e-09,-1.28633382383326e-08,-1.42665950290396e-08,-1.79103255755373e-08,-1.4309160195289e-08,2.35381279584078e-09,4.15114590720439e-07,-5.81108703070468e-06,-3.40156382175219e-06,0,-1.57199673712436e-05,1.56426766429023e-05,0,-0.000162815828125745,-1.12222631553205e-05,0,-5.86048468803743e-08,0.000118491003253684,0.000189882966056468,0,-0.000354680588640704,1.945938617927e-06,-5.49911516952632e-06,0
"east_of_england","beta1",5.45096482990957e-08,4.64652974182883e-07,3.88376510403971e-07,-7.16205344634373e-07,6.89393369321688e-06,-6.69697627813972e-09,-2.7256589382754e-08,5.78309444185439e-08,1.07995005533518e-10,1.91756835648669e-07,-2.81117302346421e-08,5.57954494176024e-08,8.27129890921875e-08,1.02539281944298e-07,-7.13665283957188e-09,-5.58181125624543e-06,1.6519769589869e-08,1.64107299480318e-07,-2.15358034362658e-07,2.55103826825256e-07,-2.13054339849874e-08,1.32870635050621e-07,1.04131471936332e-08,2.35491796890234e-07,0,0,1.7568362653288e-07,0,0,0,0,0,0,0,-3.02704713370899e-08,2.72585770362777e-08,-3.07525337664327e-08,6.96347800614371e-08,-1.98892208928536e-07,1.31831546263084e-07,-1.02503041988533e-06,4.10123268402602e-06,2.25816299742362e-06,2.55127585485545e-06,0,5.24676043221744e-06,-4.25327113272798e-06,-5.10044095135914e-06,-2.30432124881029e-06,5.60613432374529e-07,1.33394735668062e-06,-1.25486572570858e-06,0,6.49685370879816e-07,3.2304061617103e-06,-1.95220421455876e-06,-3.04047250574641e-06,6.76864020847471e-10,2.7835065949466e-09,-7.87708176283747e-09,5.79401356260413e-09,9.64968621203107e-09,2.09172217327152e-09,4.3400313174393e-09,1.12340047998872e-08,-4.76184126390451e-10,-7.43442111334736e-09,4.07662935998523e-06,-2.78142128307446e-05,-4.26180154649961e-07,0,5.96510634231838e-06,-3.1806599175035e-07,0,0.000110609908888826,4.53110507937089e-05,0,9.8184321481982e-09,-0.00013874750584406,-0.000122990543548172,0,0.00148165619114425,-3.05634360987681e-06,7.89924418418942e-07,0
"east_of_england","beta10",-2.7422081301455e-07,5.47696782575858e-07,1.43894264113568e-07,-1.14470356962709e-07,-6.69697627813972e-09,6.71592422054673e-07,-6.54731027663008e-07,1.47784004630774e-07,-4.57250359886368e-08,5.42408288228153e-08,-3.97868509875173e-08,1.22674895328512e-08,-6.82315983443143e-09,2.52181717624793e-08,9.86822061744801e-10,9.03283249724046e-09,-2.24420451257777e-08,-1.05080013734217e-08,-2.10545080879067e-08,2.34790689833791e-08,-2.19169726550916e-08,-6.07071009923325e-09,-3.12631343034785e-08,6.6842165581493e-08,0,0,-7.49596567652124e-09,0,0,0,0,0,0,0,2.5820691012297e-09,1.48201663469769e-09,2.7141455391154e-08,-9.33686123962017e-08,3.33814862797133e-07,-7.05539515516184e-07,1.01854813143584e-06,-3.81753580725855e-07,-1.19749116421661e-06,-6.56199821004213e-07,0,2.8832754676551e-06,-1.95363885458698e-06,-8.1360999481416e-07,1.0388701290957e-06,2.32623439358017e-07,-3.27427936869501e-07,-9.10703017912864e-09,0,-2.04115607361394e-07,-2.34784353351391e-06,1.16748970707821e-07,5.22964627336269e-07,3.74328922210351e-09,1.17045929285122e-09,2.15121873472606e-09,-1.40651739043107e-10,-2.00626196424268e-09,5.46316200189618e-10,4.50302991280213e-10,2.07679518389516e-09,2.47876616514814e-09,-3.06513376655374e-11,1.79467439482171e-06,4.72463323446417e-06,-8.70024741484958e-08,0,-1.39167611029481e-06,9.89901415288163e-07,0,5.45206159522719e-06,7.69914753764104e-06,0,4.36470068726142e-09,1.03455550582641e-06,-1.15003351384114e-05,0,-8.07061989880951e-06,1.14632375226542e-07,6.44050165473837e-07,0
"east_of_england","beta11",2.69920511509458e-07,-6.59837101050949e-07,-3.52193481504112e-07,1.24738031188878e-07,-2.7256589382754e-08,-6.54731027663008e-07,1.2435479114581e-06,-5.02802429470054e-07,1.87174935026516e-07,-1.36582756762612e-07,3.91787584363825e-08,-1.62318814673988e-08,1.68254122041454e-09,-2.92933702875457e-08,-1.54368277371941e-08,4.01027727124593e-08,2.47765415492703e-08,5.01854377707607e-09,-6.27451189409233e-09,-4.0694489402496e-08,1.44668817136586e-08,-7.78513100522711e-10,2.21001834429805e-08,-1.65878455068479e-08,0,0,4.57872544146641e-09,0,0,0,0,0,0,0,1.01109746264124e-08,-3.37364948492218e-08,3.77852379787749e-08,5.8784473194911e-08,-2.04386137605726e-07,4.96753767327566e-07,-1.50485580496373e-06,1.45856966338434e-06,5.57512294100971e-07,6.2152515477619e-07,0,-1.70766224122604e-06,1.78460601870443e-06,4.98926557147154e-07,-2.31331985689818e-06,2.15164144293294e-07,2.4073721304458e-07,-8.97572098303874e-07,0,-1.53146640974724e-07,2.27883278914246e-06,1.61963678742845e-07,-2.96453747273945e-06,2.38850093114814e-09,1.34483714629648e-09,8.48198563858137e-11,2.03022410885577e-09,7.18171148492222e-09,1.25532063900357e-09,-2.18708337600908e-10,-3.58239493439535e-09,-1.752954433174e-09,7.64096343888817e-10,-1.17440472499801e-06,-3.59041686654379e-06,-1.25771976595086e-06,0,2.70748966942166e-06,-1.1619957702425e-06,0,2.44806629714126e-06,-6.79970145802231e-06,0,-1.99203439953832e-09,0.000128841360600277,1.61412339612545e-05,0,-1.22902072494379e-05,8.00601800908964e-07,-5.17078820771302e-07,0
"east_of_england","beta12",-7.11834929591668e-08,-4.37307558583768e-07,2.47935392191907e-07,-1.33592110152976e-07,5.78309444185439e-08,1.47784004630774e-07,-5.02802429470054e-07,4.52067459028472e-07,-2.67655003126522e-07,1.86728842370353e-07,-7.92845449653551e-08,1.88397683910038e-09,-7.76548866026619e-09,-1.28025450053336e-09,-7.63580593502076e-09,-4.46493103529414e-08,-1.61523229097248e-08,-1.66826307928534e-09,-1.40216485490124e-08,6.07784285284432e-09,-8.68753473456587e-09,-5.14155744257796e-09,-2.91655712425464e-09,-1.73170622438819e-08,0,0,1.07849484971371e-08,0,0,0,0,0,0,0,-1.05225217610169e-08,2.51097117532997e-08,-1.51662715768178e-08,-2.55444607742526e-08,5.34322802613672e-08,-8.19694193376134e-08,8.34487007234289e-07,-4.25602641602431e-07,2.33915696178217e-07,-4.16748485580894e-07,0,7.05862080621792e-07,-7.46547855376971e-07,-4.36430962720726e-07,1.05988198362833e-06,9.9216478437192e-08,1.05716038029383e-08,-8.1120030135945e-08,0,-4.13129622076899e-08,-2.19600248694356e-07,-8.61272821896101e-07,1.08733362998137e-06,-2.28340989980781e-09,-1.33418124414071e-10,4.12976291368001e-10,-5.19623878706655e-10,-1.76122923835174e-09,-3.41202748888666e-11,2.53054005968334e-10,2.00332652368042e-09,6.92392277265821e-10,2.46438967351326e-09,2.73119954712579e-07,-2.07048775812458e-06,1.82594371692263e-06,0,1.47154857182717e-06,9.5704781979573e-08,0,2.67949578954363e-05,3.20438864926518e-06,0,3.44879503477576e-10,-1.30841435954863e-05,-1.46435489895667e-05,0,1.26797911945576e-05,3.0772541766651e-07,-3.07811120558632e-08,0
"east_of_england","beta13",-9.81121336979419e-08,3.81037741495915e-07,-2.37557069891783e-07,-2.28952140946193e-08,1.07995005533518e-10,-4.57250359886368e-08,1.87174935026516e-07,-2.67655003126522e-07,2.86037813659958e-07,-2.30697031143545e-07,1.23082183554208e-07,1.19442995270759e-08,2.40647397320395e-08,3.08197656741853e-08,2.50193213956241e-08,6.68981191615413e-08,2.99144132582189e-08,2.02657784689562e-08,4.19350720503245e-08,3.59023813571631e-08,2.89864107983378e-08,4.21566211368282e-08,2.06621409876312e-08,8.43848437166011e-08,0,0,-1.15694978886761e-08,0,0,0,0,0,0,0,1.29767328372093e-08,-1.1638340753996e-08,6.00744874453996e-09,1.14180647267071e-08,-9.23878758922306e-09,3.16666906465968e-08,-3.01848621470675e-07,5.05618494817928e-07,2.77908998952064e-07,4.45893370191175e-07,0,-1.04653381951678e-06,4.96284642648692e-07,1.5333138743787e-07,-4.13013808599424e-07,-1.319292486176e-07,8.0719835148981e-08,-2.96174459512208e-07,0,4.43327198942307e-08,2.31546151853477e-07,5.48694979810186e-07,-3.7694396609144e-07,5.07980675728446e-09,4.51809597387883e-09,5.24134075025051e-09,3.06666919409104e-09,4.94964017372373e-09,1.98854304908316e-09,3.38251130667805e-09,1.26322858422839e-09,1.50210986226144e-09,1.33059855972706e-09,-1.6125955980163e-07,-3.25756339653578e-07,-8.13201677408255e-07,0,-2.21120805287337e-06,-2.59662003158696e-07,0,-1.18976208845324e-05,-1.38574031358789e-06,0,4.79010998059825e-09,-8.35580093370748e-06,-6.62138822694991e-06,0,-2.02432112271693e-06,-8.21417996701767e-07,-1.04967973640434e-07,0
"east_of_england","beta14",-1.92669802088759e-07,-3.19341401187185e-08,7.51897242412866e-09,6.39043276099065e-08,1.91756835648669e-07,5.42408288228153e-08,-1.36582756762612e-07,1.86728842370353e-07,-2.30697031143545e-07,5.33168492657949e-07,-2.49158007532843e-07,6.67275220843424e-08,2.40557427489624e-08,8.68883864475651e-08,4.82559186292275e-08,-1.67216221698987e-07,3.56578432009618e-08,5.45348115198087e-08,4.7586359128378e-09,9.2374167524566e-08,8.90583007622682e-09,6.79811496544285e-08,1.95204381141524e-08,1.4333315064162e-07,0,0,6.39315662066968e-09,0,0,0,0,0,0,0,-7.44975835765471e-09,2.87575583731286e-08,-2.25872851732488e-08,2.6580619162915e-08,-2.25948052267374e-08,-2.09261201678915e-08,-4.54601878464841e-07,3.00600699073921e-07,-4.65011046033548e-07,-7.86632613687197e-08,0,2.70317582514365e-06,-1.82475697361136e-06,-2.4418855816521e-07,1.28832457316174e-06,2.10657739801519e-07,2.06332300810691e-08,-6.10147445507359e-07,0,-4.68283290302168e-08,-1.71397991475528e-07,-3.042838000507e-07,-5.43560008817794e-07,1.29438540026522e-09,1.30234147554753e-09,-3.37186971192804e-10,3.04209777486097e-09,1.39137321147989e-09,1.25690516894791e-09,5.28354929136563e-10,2.45714970861584e-09,-4.62306132488838e-11,7.51831550301898e-11,6.06651010619268e-07,-1.27815783185637e-06,5.48307491983152e-07,0,3.36333163202648e-06,-2.69003171804914e-07,0,2.22122441351386e-05,-2.33051992428057e-06,0,-2.18210275832474e-09,-0.000126432873565571,1.50807445786802e-06,0,3.40088367328311e-05,-2.33523995113261e-06,5.32068137581916e-07,0
"east_of_england","beta15",2.43739357451935e-07,-1.48675988855451e-06,-5.58641686715589e-08,1.00213240755415e-07,-2.81117302346421e-08,-3.97868509875173e-08,3.91787584363825e-08,-7.92845449653551e-08,1.23082183554208e-07,-2.49158007532843e-07,4.47552493610496e-07,-2.17120780830482e-08,8.32988164728228e-08,-2.81129408676055e-09,6.05611454055284e-08,7.48243594501657e-08,6.53602997782352e-08,4.21782438354003e-08,1.12831562465925e-07,2.64590761530133e-08,5.87750706036481e-08,6.46424492442027e-08,6.73286076009996e-08,6.31896298216496e-08,0,0,-8.65672134748819e-10,0,0,0,0,0,0,0,1.66119628308429e-10,-6.71131982899532e-09,1.36147405146852e-08,-6.00139526488468e-09,1.49461652633234e-08,3.52878419827576e-08,1.49979299949121e-06,7.32064801884915e-08,1.36963694693245e-06,-6.6441287372695e-08,0,-5.79032845476538e-06,2.12672729688265e-06,-1.93752229646741e-07,-1.78781728611753e-07,-2.47668018682116e-07,7.00198985449493e-08,-3.6587778929119e-07,0,-3.6638274181435e-07,-4.02855211917001e-07,-8.99188085831076e-08,2.40268852197875e-08,2.98982278436651e-09,4.09177834289304e-09,8.29578900307658e-10,1.67445406958954e-09,2.609718604161e-09,2.41966095584523e-10,4.24896187784753e-09,9.11158714405828e-11,1.31220461708629e-09,1.30227169250882e-09,-4.2724762863637e-07,-1.94195160561078e-06,5.42025474714148e-07,0,1.06619476691187e-06,-4.60694495002051e-07,0,-1.69798031378019e-05,4.63319347337515e-06,0,-5.75676467408015e-09,-0.000116602930975561,1.80064683098984e-05,0,-7.04977737507084e-06,-2.19129538493211e-06,-3.26859574248474e-07,0
"east_of_england","beta16",-1.42503107200183e-07,-1.43208856018425e-07,1.63975354992994e-08,-8.35745624081681e-08,5.57954494176024e-08,1.22674895328512e-08,-1.62318814673988e-08,1.88397683910038e-09,1.19442995270759e-08,6.67275220843424e-08,-2.17120780830482e-08,4.81504252363109e-08,8.85218924880462e-09,7.69311506435865e-08,2.39016581345321e-08,-7.91847291389853e-09,2.98450447362398e-08,3.94103182262201e-08,2.90940557883364e-08,5.53442568861175e-08,2.80778720780295e-08,4.7752484367623e-08,3.5513800114043e-08,5.44819593503692e-08,0,0,1.84546644594729e-09,0,0,0,0,0,0,0,1.45405274032827e-09,1.09000396771762e-08,-1.24730881634561e-08,6.02406791422071e-09,3.9605462677414e-09,-1.49106783824524e-09,-3.54838872607221e-07,7.38631629195878e-08,-3.13757615700154e-07,-1.55548756371023e-07,0,7.38456257440345e-07,-9.0185379666912e-07,2.63903008341449e-08,3.93580207521353e-07,8.5571311317521e-09,-2.79931336847118e-08,-5.1691623861133e-07,0,2.57709782037107e-08,2.17665206779892e-07,-1.7149212921541e-07,-5.95981135183513e-09,3.52348482263329e-09,2.74416284953639e-09,2.89739107800476e-09,2.95239492831542e-09,3.32053479386287e-09,1.37534770594458e-09,2.01189741016609e-09,1.5012989149143e-09,7.29773101533689e-10,7.66073789233262e-10,4.94416443694551e-07,5.0989527518622e-07,3.02417373221101e-08,0,7.49899277021626e-07,-3.30317863916454e-07,0,1.12102996808552e-05,-1.17750984892107e-06,0,1.94100472609825e-09,-7.89741133637509e-05,-1.91456240186875e-05,0,1.02899005263759e-05,-1.49104881105389e-06,7.00676818800224e-08,0
"east_of_england","beta17",-1.59232720869568e-08,-7.28930860666484e-08,-9.84843323254258e-08,4.33014097618695e-09,8.27129890921875e-08,-6.82315983443143e-09,1.68254122041454e-09,-7.76548866026619e-09,2.40647397320395e-08,2.40557427489624e-08,8.32988164728228e-08,8.85218924880462e-09,6.58023226770429e-08,-2.63432482837423e-08,6.94615938800328e-08,-4.63732586397129e-08,3.43040094225426e-08,4.69860749952087e-08,5.11232348134814e-08,4.74939856623299e-08,3.57037285866731e-08,6.1447446554193e-08,3.73417685328894e-08,1.13108105561568e-07,0,0,-1.91831197907159e-09,0,0,0,0,0,0,0,4.22337148894084e-09,2.92144910799528e-09,9.9969480993307e-10,8.92792723758985e-09,-9.57960648228308e-09,2.55473754629276e-08,3.38064740123766e-07,4.54752026148329e-08,4.58328407947494e-07,4.20726362364646e-08,0,2.68256038009775e-07,-7.36210454624206e-07,-1.20728402555109e-07,2.49178796447677e-07,2.37222221972754e-08,9.12626885397453e-08,-6.61979536788985e-07,0,3.73533730045171e-08,1.78000441365661e-07,5.83176346703904e-08,-6.3927320898056e-07,3.73743042487811e-09,4.06055254901165e-09,2.8562017265801e-09,3.22917902569964e-09,3.1925371278709e-09,1.02912872628915e-09,3.33813029867168e-09,2.33201167236674e-09,9.25901971734116e-10,2.12558103505216e-09,4.76551567949088e-08,-1.71339243317902e-06,2.67598303210428e-07,0,1.3819418390693e-06,-3.70994603313435e-07,0,5.65587491558049e-07,1.60435115308445e-06,0,-1.86856138843208e-09,-9.11272447052431e-05,1.39452658705839e-05,0,1.20276560867927e-05,-1.58267109264208e-06,-1.89459021092929e-07,0
"east_of_england","beta18",-3.26264534279295e-07,-7.0110915163962e-07,7.14912271481704e-08,-4.25686763965402e-07,1.02539281944298e-07,2.52181717624793e-08,-2.92933702875457e-08,-1.28025450053336e-09,3.08197656741853e-08,8.68883864475651e-08,-2.81129408676055e-09,7.69311506435865e-08,-2.63432482837423e-08,3.9801785476106e-07,-1.8048551505511e-07,3.1618020374482e-08,1.18072693138913e-07,-2.01133051464502e-08,6.41686367608475e-08,7.76170931524164e-08,2.61306136907477e-08,5.3015541363866e-08,2.46134527191602e-08,1.50471587011325e-07,0,0,1.00568767980799e-08,0,0,0,0,0,0,0,-3.13960055961035e-09,2.93597381126014e-08,-3.27104384141884e-08,4.68056775752216e-09,-5.16937223324914e-09,9.49431919192683e-09,-1.26238403244684e-07,2.98661261637889e-07,5.51117532932758e-07,4.25644861802619e-08,0,-5.51784244243476e-07,1.91507307048248e-06,-2.73317106812802e-06,9.98257502061481e-07,-4.57216009158291e-07,8.30698631863929e-08,-6.45664532814008e-07,0,-4.69924177054625e-07,5.54113704620213e-07,-1.8703770891188e-07,1.01393318908777e-06,4.18433961221021e-09,3.72247199384213e-09,2.65020765567839e-09,2.86326725763881e-09,3.51902581050174e-09,3.68544439330182e-09,3.35311009215954e-09,1.20879776864911e-09,2.23772855313516e-09,-3.28167922188267e-10,7.04988498305692e-07,-1.40232648496078e-06,-6.16598956302211e-08,0,7.95258986816697e-07,1.23808879317273e-07,0,4.95524393215589e-06,-6.21599501196206e-06,0,1.15563187367682e-08,-0.000129169125697758,-0.000151798242713753,0,2.46503558355779e-05,-2.48068091903337e-06,1.19248059338086e-06,0
"east_of_england","beta19",-6.41653422092189e-08,1.40767578600589e-06,-1.79479565201279e-07,6.61437018442426e-08,-7.13665283957188e-09,9.86822061744801e-10,-1.54368277371941e-08,-7.63580593502076e-09,2.50193213956241e-08,4.82559186292275e-08,6.05611454055284e-08,2.39016581345321e-08,6.94615938800328e-08,-1.8048551505511e-07,4.61085460623447e-07,-1.93836581887493e-09,-2.02491631728304e-07,1.50585929064851e-07,-1.03468521901633e-07,3.92978030369359e-08,1.58565068255652e-08,2.62268200958108e-08,3.36281287074248e-08,1.57387584817136e-08,0,0,-1.55559586369767e-08,0,0,0,0,0,0,0,1.93843844774476e-08,-1.65164148769215e-08,2.88321153931962e-08,-2.59207057801401e-09,-5.63673759253343e-09,2.34522410815537e-08,-1.02066299340583e-06,-9.24891554712711e-07,6.11051712817393e-08,-6.39333900533463e-07,0,-1.90312000923505e-06,-8.47673039712086e-08,-1.20863558287215e-06,6.2335504789081e-07,1.64529884187819e-07,-4.13984570576981e-08,-9.62091372076194e-07,0,8.17163372185319e-07,-4.19658925263945e-07,2.95227181698743e-07,-9.83408342118323e-07,9.21778897830616e-09,1.00874223423438e-08,4.76491889257164e-09,4.56079287040105e-09,9.26269856552326e-09,2.63180693819694e-09,4.89901943917165e-09,4.76195107374478e-09,1.02734032201179e-09,5.92032594159603e-09,3.49374851249148e-07,-1.15611191544962e-06,9.15354703309674e-07,0,1.49310504069216e-06,-5.88501052812508e-07,0,9.82167160698223e-07,3.8425948625446e-06,0,1.60800860992327e-09,-0.000108362765935798,0.00024425327896291,0,-1.07439917175407e-05,-1.77358137269639e-06,1.62237904097925e-06,0
"east_of_england","beta2",6.94728499370194e-07,-1.03356204181988e-06,-2.56880314987626e-08,-1.84375253471892e-06,-5.58181125624543e-06,9.03283249724046e-09,4.01027727124593e-08,-4.46493103529414e-08,6.68981191615413e-08,-1.67216221698987e-07,7.48243594501657e-08,-7.91847291389853e-09,-4.63732586397129e-08,3.1618020374482e-08,-1.93836581887493e-09,1.5496857997858e-05,2.76761223533764e-08,-2.44307009759153e-07,3.01712708764893e-07,-9.46066658308616e-08,-2.3920142924539e-08,-7.59708062220949e-08,-7.39060251412089e-08,4.55164931994606e-07,0,0,-1.097581633047e-06,0,0,0,0,0,0,0,4.57269216514937e-07,-3.7647060947146e-07,3.1818833595769e-07,-3.02275908623199e-07,2.49483235513055e-07,1.56104233005706e-07,4.36349160057713e-06,3.54725967964133e-07,-6.67171110907276e-07,1.13835323488806e-06,0,-6.9393918553974e-07,1.69559170796601e-06,3.44317173186069e-06,1.14159563139429e-05,-7.17794917940833e-08,-2.32014834604691e-07,-2.02360711242771e-07,0,-2.66975330024534e-06,-7.06443766267433e-06,-2.76743300961152e-06,9.5264879245199e-06,3.81928538766035e-09,1.14814950889722e-08,-4.77248318243821e-09,9.55915717548512e-10,5.28249826083691e-09,1.05144930627697e-08,2.42363743778215e-09,-2.66957827502265e-10,3.73310515549579e-09,3.62296130249169e-08,-3.62517422281122e-06,7.14379317964991e-06,5.04862440762671e-06,0,5.90235217117737e-06,-1.0718678258397e-05,0,-2.40718961377042e-06,-4.34729280663866e-05,0,7.10588758412124e-09,5.19007856283179e-05,0.000117873416611692,0,-0.000796807464644246,1.5058495946366e-06,1.55333997419292e-06,0
"east_of_england","beta20",-1.25144791757757e-07,-9.24463739439491e-07,-6.53965414409581e-08,1.72431141545088e-07,1.6519769589869e-08,-2.24420451257777e-08,2.47765415492703e-08,-1.61523229097248e-08,2.99144132582189e-08,3.56578432009618e-08,6.53602997782352e-08,2.98450447362398e-08,3.43040094225426e-08,1.18072693138913e-07,-2.02491631728304e-07,2.76761223533764e-08,3.91429509812342e-07,-4.26901005542868e-08,3.96773891596001e-07,1.11292385427463e-07,1.4480496506642e-07,1.8716631659782e-07,1.50397715194908e-07,3.3549857837306e-07,0,0,-9.52289087145548e-10,0,0,0,0,0,0,0,-6.19696358691364e-09,2.82420479585688e-08,-4.06465868186833e-08,5.61183649803422e-08,-4.9640590463438e-08,3.34161749511166e-08,9.61954512252539e-07,5.83659921082866e-07,5.97053179065718e-07,2.67692322884259e-07,0,-8.54210871415266e-08,5.32424230161359e-08,1.4621892657838e-06,1.06593797470365e-06,2.51261510651909e-07,1.70351305876171e-07,-5.74370774292033e-07,0,-2.38121699370961e-07,2.72752505726184e-07,-2.79834295462354e-08,-2.73422904323448e-08,2.76506131549757e-09,1.13662907899226e-09,4.16843205909972e-09,3.13359310916217e-09,4.06142640795343e-09,6.46496926026007e-10,2.28941947508777e-09,8.00633780157899e-10,9.18501955614952e-10,3.31564005621369e-11,-1.63876474129662e-07,-2.74885545060821e-06,3.89085833878158e-07,0,1.30933690886515e-06,-2.05024397740778e-06,0,1.92775668580515e-06,-4.9612386426569e-07,0,-5.30436134441711e-09,-0.000101255285419855,-0.000166845417771456,0,-2.20822076625274e-06,-1.87391010107005e-06,-5.61985962356221e-06,0
"east_of_england","beta21",-2.0048565640542e-07,1.01207670719307e-06,-3.52161705121292e-08,1.12662505041073e-07,1.64107299480318e-07,-1.05080013734217e-08,5.01854377707607e-09,-1.66826307928534e-09,2.02657784689562e-08,5.45348115198087e-08,4.21782438354003e-08,3.94103182262201e-08,4.69860749952087e-08,-2.01133051464502e-08,1.50585929064851e-07,-2.44307009759153e-07,-4.26901005542868e-08,5.42780014473e-07,-2.11478042049713e-07,3.84010931017197e-07,1.75797822270339e-07,2.57528734934716e-07,2.2842563528283e-07,1.91890750264892e-07,0,0,2.02241969152122e-08,0,0,0,0,0,0,0,-6.2099459145212e-09,3.41991485797248e-09,1.53167196891302e-09,1.94095854530576e-08,2.85285525939321e-08,-1.60282569189492e-08,-2.56300143386752e-07,5.59034444583564e-07,4.29307083602151e-07,8.62849116269345e-07,0,-9.35064598656281e-07,-1.38975424569518e-06,3.5132751476407e-07,-1.29079206496056e-06,-3.02287392234376e-07,7.57426412447048e-08,-9.11219881805655e-07,0,-6.30613238236377e-07,7.12388359798102e-07,-2.62279412943816e-07,-1.37629887201882e-06,7.20074318514532e-09,1.75006034240815e-09,3.89270415194761e-09,5.18003424691036e-09,1.00447501487925e-08,3.27826961685894e-09,6.34342085153936e-09,1.5151021295999e-09,1.62579105852749e-09,6.27247494938965e-09,1.91874035612008e-06,-2.2657357858115e-06,-3.93594659155431e-07,0,1.34745358341169e-06,5.60246009388726e-07,0,1.80151849583548e-05,8.62954939351991e-06,0,-5.02383098549499e-09,-0.000110431738489059,-0.00031487560208224,0,2.45608438923535e-05,-1.92624966573603e-06,-8.17424390321567e-06,0
"east_of_england","beta22",-1.55626446354657e-07,-5.56104113294354e-07,-9.18468222141045e-08,-6.13631333313448e-08,-2.15358034362658e-07,-2.10545080879067e-08,-6.27451189409233e-09,-1.40216485490124e-08,4.19350720503245e-08,4.7586359128378e-09,1.12831562465925e-07,2.90940557883364e-08,5.11232348134814e-08,6.41686367608475e-08,-1.03468521901633e-07,3.01712708764893e-07,3.96773891596001e-07,-2.11478042049713e-07,1.58747092968713e-06,-6.41603037883712e-07,3.17462721272425e-07,2.4150384029019e-07,2.20863797445715e-07,4.80649707604392e-07,0,0,-8.23726070635779e-09,0,0,0,0,0,0,0,-7.93761170830127e-09,4.44374984297574e-08,-6.65423595665829e-08,6.2822529990234e-08,-1.32776152738702e-07,1.29091472722333e-07,2.82042458357674e-06,-9.70872075828978e-07,1.29739883504414e-07,-7.28886801490387e-07,0,6.72622068741757e-07,-1.41068986233631e-06,8.65211425683135e-07,8.92281390044845e-07,9.5340229669447e-07,-1.03702134620585e-07,-4.62130889878781e-07,0,2.2095575033586e-07,-4.69691435137265e-07,1.29688631242714e-06,1.315878949316e-06,6.30959262648534e-09,8.60809610795678e-11,7.85920618341331e-09,1.89595587291801e-09,2.71967145753791e-09,-1.46014943913497e-09,-1.74982815171486e-09,3.4441243563322e-09,8.01509609571233e-10,-1.13411981291241e-09,-3.32287043946597e-06,1.35944139875098e-06,8.84366721331925e-08,0,4.93262187423483e-07,-1.17875528395528e-06,0,-4.21007031389633e-05,1.52313009209598e-06,0,3.83229223985446e-09,-0.000120284613263506,-0.000335205772809826,0,-4.44113835795536e-05,-2.15833162142562e-06,-9.19388671769485e-06,0
"east_of_england","beta23",-1.34182225624526e-07,4.62438626623788e-07,-2.36444352853418e-07,-1.18115006056445e-07,2.55103826825256e-07,2.34790689833791e-08,-4.0694489402496e-08,6.07784285284432e-09,3.59023813571631e-08,9.2374167524566e-08,2.64590761530133e-08,5.53442568861175e-08,4.74939856623299e-08,7.76170931524164e-08,3.92978030369359e-08,-9.46066658308616e-08,1.11292385427463e-07,3.84010931017197e-07,-6.41603037883712e-07,1.60517293748263e-06,-2.02293457323543e-07,4.58359656855571e-07,8.18206992979834e-08,8.08612387426288e-07,0,0,1.07352404808233e-08,0,0,0,0,0,0,0,-1.17232527085887e-09,2.70812185551187e-08,-4.7415560248006e-08,2.35439757479393e-08,6.29015131607636e-08,-5.76242392753463e-08,-2.39136955127944e-06,1.37487667349317e-06,1.66518272883261e-06,2.02220935280684e-06,0,-2.47858575225222e-06,1.14947400049838e-06,-8.55328180276583e-07,3.79835480584048e-07,-5.93378925056853e-07,4.72268022976679e-07,-6.98341917444487e-07,0,-5.87257763984809e-07,-4.08745299948078e-07,-1.4351583925868e-06,1.91324321003718e-06,6.36590358860543e-09,6.80294534935761e-09,6.49123239308954e-09,7.81847665609916e-09,9.42308993201133e-09,6.7652265403041e-09,7.99197155295932e-09,3.35069096037753e-09,1.8929334492817e-09,4.21552333348877e-09,2.51058798053523e-06,-6.86657395162986e-06,-3.16177279931093e-07,0,-7.51623278966444e-07,1.2830701468648e-07,0,3.17817229926822e-05,2.23877824741237e-06,0,4.82210850068260e-09,-0.000127717033441847,-0.000335678845739453,0,5.33167093472839e-05,-2.45227643483726e-06,-7.66912046124679e-06,0
"east_of_england","beta24",-2.8580295139943e-07,2.80388471458412e-07,-9.65581992322922e-08,-3.09138920881175e-08,-2.13054339849874e-08,-2.19169726550916e-08,1.44668817136586e-08,-8.68753473456587e-09,2.89864107983378e-08,8.90583007622682e-09,5.87750706036481e-08,2.80778720780295e-08,3.57037285866731e-08,2.61306136907477e-08,1.58565068255652e-08,-2.3920142924539e-08,1.4480496506642e-07,1.75797822270339e-07,3.17462721272425e-07,-2.02293457323543e-07,3.84863289911141e-07,4.28422323002776e-08,3.06275837969796e-07,-1.68044077300456e-07,0,0,3.56423591811968e-09,0,0,0,0,0,0,0,-2.22252051804494e-09,6.10588830209546e-09,7.36115944402962e-10,2.719467105377e-08,-4.35573830632118e-08,4.38018636648757e-08,5.36399394022238e-07,-4.8489097357161e-07,-1.97318942627193e-08,-3.43280360782462e-07,0,-2.49557480491008e-07,-2.11522135605707e-07,5.57632082255294e-07,1.85058152835469e-07,2.83660603822401e-07,-5.21993283713863e-08,-8.1179119363031e-07,0,3.40966815509488e-07,9.99355105015243e-07,4.741866562643e-07,-4.67782769654964e-07,5.53846729120403e-09,-4.36033806791805e-10,3.80646460396162e-09,2.22619535900685e-09,8.84475391602101e-09,2.48812746621049e-09,4.28605156326608e-09,2.19467529076404e-09,1.56838624604467e-09,4.11090747079948e-09,1.43473809614587e-06,-6.08107806024011e-07,-3.8703526417598e-08,0,1.50963974269705e-06,-6.89515834421692e-07,0,-8.92513225421304e-06,1.15776337084037e-06,0,1.5162757650044e-09,-9.33911030282747e-05,-0.000229875348928293,0,-1.10272787073381e-05,-1.58175094455111e-06,-6.55984086455205e-06,0
"east_of_england","beta25",-1.66932282431745e-07,-3.39878796089563e-07,-1.43386110465338e-07,2.03263700521778e-08,1.32870635050621e-07,-6.07071009923325e-09,-7.78513100522711e-10,-5.14155744257796e-09,4.21566211368282e-08,6.79811496544285e-08,6.46424492442027e-08,4.7752484367623e-08,6.1447446554193e-08,5.3015541363866e-08,2.62268200958108e-08,-7.59708062220949e-08,1.8716631659782e-07,2.57528734934716e-07,2.4150384029019e-07,4.58359656855571e-07,4.28422323002776e-08,4.65070149742993e-07,4.31170447181075e-08,1.06912160381605e-06,0,0,2.24885499356244e-08,0,0,0,0,0,0,0,-1.29288805682326e-08,3.58407108621477e-08,-2.86401250516184e-08,2.99250471847629e-08,-1.50370820469987e-08,4.08875058320732e-08,5.75742764818688e-08,2.12401093152633e-07,1.03383885398983e-06,9.48576762218144e-07,0,-1.8004675035657e-06,-9.64086407402722e-07,-3.81913820170361e-07,2.65669309757592e-07,-8.54649082575133e-08,2.90852608996874e-07,-1.22735550976523e-06,0,-2.03284806971489e-07,-6.77820694031861e-08,-4.28460116046594e-07,-1.4043577808712e-07,1.14870674078054e-08,1.03505010455269e-08,1.11424804699651e-08,9.97794594624354e-09,1.23129363022177e-08,3.30214473542186e-09,8.31186127973265e-09,4.76754387908484e-09,3.49620913377424e-09,4.86804833652324e-09,-2.04136243366512e-07,-3.66143520409339e-06,-7.29053210019459e-07,0,3.75561593510075e-07,-1.09676038783981e-06,0,1.87519072776745e-05,3.37015746335149e-06,0,-4.48696433316713e-09,-0.000134010019647749,-0.000357839053704061,0,2.18017550266702e-05,-2.37736595045347e-06,-8.61563301937588e-06,0
"east_of_england","beta26",-1.96036091526779e-07,2.9746146008812e-07,-3.08154676848173e-07,1.55774534347051e-07,1.04131471936332e-08,-3.12631343034785e-08,2.21001834429805e-08,-2.91655712425464e-09,2.06621409876312e-08,1.95204381141524e-08,6.73286076009996e-08,3.5513800114043e-08,3.73417685328894e-08,2.46134527191602e-08,3.36281287074248e-08,-7.39060251412089e-08,1.50397715194908e-07,2.2842563528283e-07,2.20863797445715e-07,8.18206992979834e-08,3.06275837969796e-07,4.31170447181075e-08,6.86549634543954e-07,-1.95117669952167e-06,0,0,-1.06290097284546e-08,0,0,0,0,0,0,0,1.04124229991442e-08,1.3321584473767e-09,-8.23971300621624e-09,4.3384085974333e-08,1.04371599992719e-08,-2.00452631162371e-08,5.90887121868134e-07,9.56550274449082e-09,-1.94941152123868e-07,-1.65023286994836e-07,0,-1.69920342457902e-07,-2.41896496163629e-07,8.49275585559339e-07,1.0529293171952e-06,-8.90136041647653e-08,-1.73302590447797e-08,-1.1008471911861e-06,0,2.99855470319546e-07,1.17780872087609e-06,1.6660110501831e-07,8.43895004665983e-07,9.6066130624586e-09,6.42729498427182e-09,9.98027118443422e-09,4.36446309533201e-09,1.74567409706931e-08,6.80267893158802e-09,8.24156426095892e-09,4.86260724316866e-09,3.73633926239078e-09,8.21227051522938e-09,-1.23752569498847e-07,-2.3232247931447e-06,1.35462817161635e-06,0,2.07353906775667e-06,-3.04954093961136e-06,0,-1.25463362556917e-05,7.91891717872873e-06,0,-6.8588208133743e-09,-0.000106454046423592,-0.000253364220807821,0,-9.74171106420778e-06,-1.69757283626746e-06,-7.18441081562797e-06,0
"east_of_england","beta27",-1.39250444112829e-06,1.32156177731104e-06,-5.70204926092681e-08,-1.49878459702489e-07,2.35491796890234e-07,6.6842165581493e-08,-1.65878455068479e-08,-1.73170622438819e-08,8.43848437166011e-08,1.4333315064162e-07,6.31896298216496e-08,5.44819593503692e-08,1.13108105561568e-07,1.50471587011325e-07,1.57387584817136e-08,4.55164931994606e-07,3.3549857837306e-07,1.91890750264892e-07,4.80649707604392e-07,8.08612387426288e-07,-1.68044077300456e-07,1.06912160381605e-06,-1.95117669952167e-06,1.93751097563482e-05,0,0,1.65903859622553e-08,0,0,0,0,0,0,0,-2.30918214851022e-08,5.05677965187685e-08,6.7108689607576e-09,-6.56228697746108e-08,-1.19869304908863e-07,3.0645317651443e-07,-2.91737564729416e-07,-1.21172882520506e-06,3.83218643866679e-06,7.99008033323602e-07,0,-7.43251405120407e-06,8.94500498912407e-07,-6.89167583387279e-06,1.7084890550639e-06,6.75195862014873e-07,1.11153518466835e-07,-1.33841243553393e-06,0,-2.05098987310073e-06,-7.24028132469239e-06,1.346412896306e-07,-3.51918819741322e-06,1.58516038874303e-08,1.00478361444369e-08,1.68178915874486e-09,2.80573173144933e-08,-5.22584471584918e-09,-2.26671731975919e-09,3.12594779695125e-09,5.49992024871918e-09,-3.8697879351294e-10,1.73504430878974e-08,9.95248428549184e-06,1.29678813321243e-06,-1.58857317120596e-06,0,-1.1018847986183e-05,1.05601238136252e-05,0,0.000101740698550531,-4.34410214674335e-05,0,5.4579857032997e-08,-0.00018183835802334,-0.000517542083193643,0,5.91507124889257e-05,-3.35029496700274e-06,-1.16384544260636e-05,0
"east_of_england","beta28",0,0,0,0,0,0,0,0,0,0,0,0,0,0,0,0,0,0,0,0,0,0,0,0,0,0,0,0,0,0,0,0,0,0,0,0,0,0,0,0,0,0,0,0,0,0,0,0,0,0,0,0,0,0,0,0,0,0,0,0,0,0,0,0,0,0,0,0,0,0,0,0,0,0,0,0,0,0,0,0,0,0,0,0,0
"east_of_england","beta29",0,0,0,0,0,0,0,0,0,0,0,0,0,0,0,0,0,0,0,0,0,0,0,0,0,0,0,0,0,0,0,0,0,0,0,0,0,0,0,0,0,0,0,0,0,0,0,0,0,0,0,0,0,0,0,0,0,0,0,0,0,0,0,0,0,0,0,0,0,0,0,0,0,0,0,0,0,0,0,0,0,0,0,0,0
"east_of_england","beta3",1.56078416670241e-08,-2.18683183900184e-06,3.70036740167743e-07,-2.36317751514246e-07,1.7568362653288e-07,-7.49596567652124e-09,4.57872544146641e-09,1.07849484971371e-08,-1.15694978886761e-08,6.39315662066968e-09,-8.65672134748819e-10,1.84546644594729e-09,-1.91831197907159e-09,1.00568767980799e-08,-1.55559586369767e-08,-1.097581633047e-06,-9.52289087145548e-10,2.02241969152122e-08,-8.23726070635779e-09,1.07352404808233e-08,3.56423591811968e-09,2.24885499356244e-08,-1.06290097284546e-08,1.65903859622553e-08,0,0,2.26456022362506e-07,0,0,0,0,0,0,0,-1.40596951796741e-07,1.29818634984729e-07,-8.34904219163864e-08,3.26426856098759e-08,-4.36944025159579e-08,2.41489487444717e-08,-1.07933494284709e-06,-6.07045699810113e-07,-2.91778558092218e-07,-9.96564663192422e-08,0,6.12417737609554e-07,-9.78508853916164e-07,-4.18541230776388e-07,-9.07223575396096e-07,8.0815346739296e-08,2.98454210167204e-08,-2.47097850615538e-08,0,8.69408675087302e-07,-6.25703094633995e-08,4.12288380571732e-07,-1.32273366753596e-06,3.08325053077006e-10,-6.67119574695694e-12,2.87843932064516e-10,1.45982979087677e-10,-1.32468288912144e-09,-8.78903647640869e-10,1.46137524832839e-10,-1.23068175274625e-09,3.21327346086053e-10,-2.75359064100209e-09,-4.15494607663635e-07,-3.24068994405524e-07,-1.20534739225926e-06,0,-4.29176556976596e-07,9.31092876356577e-08,0,5.17251654210227e-06,-1.44661536890448e-06,0,-1.13431711251757e-10,3.2636464585719e-06,-3.38097125363747e-05,0,2.58621577423658e-05,-1.98013638656837e-08,-3.53517368518288e-07,0
"east_of_england","beta30",0,0,0,0,0,0,0,0,0,0,0,0,0,0,0,0,0,0,0,0,0,0,0,0,0,0,0,0,0,0,0,0,0,0,0,0,0,0,0,0,0,0,0,0,0,0,0,0,0,0,0,0,0,0,0,0,0,0,0,0,0,0,0,0,0,0,0,0,0,0,0,0,0,0,0,0,0,0,0,0,0,0,0,0,0
