"region","name","alpha_admission","alpha_D","alpha_death_hosp","alpha_H","beta1","beta10","beta11","beta12","beta13","beta14","beta15","beta16","beta17","beta18","beta19","beta2","beta20","beta21","beta22","beta23","beta24","beta25","beta26","beta27","beta28","beta29","beta3","beta30","beta31","beta32","beta33","beta34","beta35","beta36","beta4","beta5","beta6","beta7","beta8","beta9","mu_D","mu_D_2","mu_D_3","mu_D_4","mu_D_5","mu_gamma_H","mu_gamma_H_2","mu_gamma_H_3","mu_gamma_H_4","p_G_D","p_G_D_2","p_H","p_H_2","p_H_D","p_ICU","p_ICU_2","p_ICU_D","p_NC_15_24","p_NC_25_49","p_NC_50_64","p_NC_65_79","p_NC_80_plus","p_NC_weekend_15_24","p_NC_weekend_25_49","p_NC_weekend_50_64","p_NC_weekend_65_79","p_NC_weekend_80_plus","p_W_D","rel_p_D_alpha","rel_p_D_delta","rel_p_D_omicron","rel_p_H_alpha","rel_p_H_delta","rel_p_H_omicron","rel_p_ICU_alpha","rel_p_ICU_delta","rel_p_ICU_omicron","rho_pillar2_tests","seed_date_alpha","seed_date_delta","seed_date_omicron","start_date","ta_alpha","ta_delta","ta_omicron"
"east_of_england","alpha_admission",3.537435863311e-05,-1.48821875461188e-05,4.36746090601043e-05,-1.39188438415953e-06,-4.2842553580079e-07,1.35720666151882e-07,-2.77528461332244e-07,2.7555686528177e-07,-3.4542938209846e-07,3.66969920786819e-07,-2.23229286842986e-07,-3.68923539978954e-08,4.23480947295138e-08,-2.89951237011464e-07,-1.05301292726035e-07,4.01349863021694e-06,1.2617207744808e-07,-6.92918843441658e-08,1.62071556360166e-07,-2.59306146652227e-07,3.60686271568649e-08,-3.63305948344563e-08,2.35790840517589e-08,-1.41939940508138e-06,0,0,1.79246572928625e-07,0,0,0,0,0,0,0,-1.75592399353956e-07,2.79641110315122e-07,-5.58553864801746e-07,2.75900616664604e-07,-1.81509757691947e-07,-1.49114730077232e-07,2.31898919119632e-06,-2.76232782837969e-06,-6.7008691247734e-06,-6.68396362588878e-06,0,1.21725648735816e-05,-7.6766860571923e-06,-1.79028647439934e-06,1.39743806315577e-05,1.37340677267077e-05,-1.50455136305522e-06,5.01483501646704e-06,0,-1.47226081770542e-05,5.52645390052376e-07,3.68925456446647e-07,1.26572609695786e-05,-5.75520120877661e-08,-6.71037937651723e-08,-8.1080889407017e-08,-4.20898478792401e-08,-6.35676046909666e-08,-3.14603624465417e-08,-6.65599891715391e-08,-4.32936644720916e-08,-2.41900573680752e-08,-1.60422180513247e-08,1.36232283445313e-06,7.74030821721803e-05,-2.73563886711934e-05,0,4.7831568448871e-05,-2.75528810333648e-05,0,-1.08620378814e-05,4.36465991294601e-05,0,5.06749828729127e-08,2.04664971209849e-05,6.96201113254718e-05,0,0.000168199593823079,-1.84836207309434e-06,-3.24268367480581e-06,0
"east_of_england","alpha_D",-1.48821875461188e-05,0.00079290731142108,-0.000274867439973491,3.94984074814129e-07,5.33482387961535e-06,-7.18587249699718e-07,1.26923398382503e-06,-1.25706623226108e-06,2.00986090125104e-08,-4.58796048893345e-07,-5.92907379066887e-07,-5.25412112015764e-07,-3.35602839240073e-07,-2.98934506221993e-07,-7.96150977560252e-07,-1.20332288682988e-05,-5.42167308964007e-07,1.05392691291168e-07,-9.07219931052305e-07,9.01587268526166e-07,-3.90979725881502e-07,-5.9512942609113e-08,-9.92347952401057e-07,-2.57969302488312e-06,0,0,5.11424557687097e-07,0,0,0,0,0,0,0,-5.28555417736719e-07,2.74589261772479e-07,-3.27420405511301e-08,-6.45240520339182e-08,-3.08243673502748e-07,-7.87684434424143e-08,-0.000167168841648738,-2.46935313637934e-05,3.31708481340467e-06,1.25244633843377e-05,0,-6.47491494941198e-05,-3.39839809382966e-06,-2.99866683244947e-05,-8.77536690065861e-06,-6.4654395659141e-05,1.08953292144113e-05,1.50666995208544e-05,0,-6.3828925907008e-05,1.53786661092688e-05,-7.60721845274381e-07,3.46023058853609e-05,-1.60341877295498e-07,-1.18246740271652e-07,-2.31397504530099e-07,-2.3472589558085e-08,-2.68789222519469e-07,-1.72870360991961e-07,-8.73231876706044e-08,-1.5258071502534e-07,-2.29794265435288e-08,-1.39950781515047e-07,6.13564793987009e-05,-0.000488925901637392,0.000204015032148315,0,3.65064971286132e-05,-1.31332823878159e-06,0,-1.17133016949004e-05,3.3320927488646e-05,0,1.19221823551746e-07,0.000485538574484457,-0.00158175668394351,0,0.00113165188965413,1.03009004002513e-05,-1.88338502776446e-05,0
"east_of_england","alpha_death_hosp",4.36746090601043e-05,-0.000274867439973491,0.0629548064015861,4.64349726401411e-06,3.58440986111686e-05,-1.43955767684727e-05,2.85648372555922e-05,-7.1246518562352e-06,-1.19926522519705e-08,5.47037013031328e-06,-6.11912567996969e-07,-4.46528642797847e-06,4.45818843157639e-06,-1.15747164851549e-05,4.77913092596547e-06,2.02651706406054e-05,-5.19076585571549e-06,1.50284101487889e-05,-3.29416875547711e-05,3.40984517189206e-05,-1.44371887094324e-06,7.28978050531855e-06,-3.41519984802604e-06,2.11395404850077e-05,0,0,-1.05734311964077e-05,0,0,0,0,0,0,0,7.24918565118448e-06,-1.11523560692998e-05,1.11439676596624e-05,-1.46298713048775e-05,2.33615164385089e-05,8.74788778009403e-06,-0.00188146514744379,0.000377601334374539,0.000451577717260564,0.000255482933142332,0,0.00039639333054724,-7.35313760981178e-05,-0.000108987287744332,-0.000206244258111563,7.8111365852485e-05,-0.000112035220497906,-5.01316838503477e-05,0,-0.000661458901184658,-0.000135268376844161,-4.94069921876613e-05,-4.64831000060497e-05,3.14202755382454e-07,-2.75929988431851e-07,-3.32941299155135e-07,1.12400745320074e-06,1.83784100328207e-06,-2.56977858892081e-08,8.97593452663296e-07,9.01707185040253e-07,4.77966282154014e-07,2.38125655644745e-07,-0.000496030371438583,0.00158348213197767,0.000689009407322329,0,0.000119430726208541,5.36465576442814e-05,0,0.00025986777977824,-0.000357572339935602,0,2.47946510847453e-08,0.00864729795869345,-0.00904392225121353,0,0.00692092358933062,0.000117769429245109,-0.000214636479125793,0
"east_of_england","alpha_H",-1.39188438415953e-06,3.94984074814129e-07,4.64349726401411e-06,1.51502063914228e-06,2.04692505481108e-07,-1.33950424411856e-07,8.09314631566921e-08,-3.17486800706345e-08,-8.99138924874369e-09,6.78845388455482e-08,-6.65301691691174e-09,9.06491992315869e-09,-1.93238341527432e-08,-1.08854177997448e-07,7.14367609012546e-08,-1.84091213660029e-06,-2.07266891235228e-08,8.42540674401364e-08,6.07488357568244e-08,-8.10005694881111e-08,4.11498794567013e-08,-1.59671593445279e-08,4.22469407531212e-08,1.42319868880435e-07,0,0,-4.31984293561103e-08,0,0,0,0,0,0,0,1.17545753656149e-08,-5.62230957238873e-08,1.18263575714054e-07,4.49670798867658e-08,3.77000771975766e-08,-4.45054290211726e-08,2.4624477607958e-06,1.18668220798852e-05,1.11788156375112e-05,-5.08815268812917e-07,0,7.07012828580537e-06,3.79851768255274e-06,1.6886167478365e-06,-6.80531694997572e-06,-1.42713369317953e-08,3.82040384081123e-07,-5.57672073871294e-07,0,6.31680191363101e-06,-1.11495524493105e-06,7.83073536554748e-07,-5.8926998735254e-06,1.25375474978943e-09,-2.76121749464459e-09,-7.72542570407756e-10,-1.8458580653536e-09,-9.37954742413335e-09,-4.73213685290005e-09,-2.04890669882389e-09,9.163788430954e-10,-7.68982679623726e-10,-5.40685436690036e-09,-6.51116126822848e-06,-1.78213761679108e-06,-2.20419282078041e-06,0,-8.59472625852947e-06,8.89440754354538e-06,0,2.32771438995383e-06,-2.81291943691497e-05,0,-2.53121842699274e-08,3.79667211294376e-05,7.04163685707274e-06,0,-6.12501786179224e-05,4.89972964274932e-07,-1.98156008293079e-06,0
"east_of_england","beta1",-4.2842553580079e-07,5.33482387961535e-06,3.58440986111686e-05,2.04692505481108e-07,7.23204310455905e-06,-3.61510000934001e-08,1.26786441588094e-08,5.11814509928903e-08,-6.28281862362269e-08,4.23889847641927e-08,-6.42582106484703e-08,3.47262420104449e-08,-4.806379199831e-09,-2.04412782278828e-08,3.65735371162998e-08,-7.15668641060213e-06,8.83629913082728e-08,1.05196162600356e-07,6.07022439896396e-08,1.37304718153227e-07,9.59236572278824e-08,5.10164249797251e-08,2.49725012006886e-07,-6.31276089643367e-07,0,0,1.37808634626263e-07,0,0,0,0,0,0,0,-4.53668095381371e-08,1.97237385684675e-09,8.3634817383999e-08,-7.25679249211665e-08,8.54391671123524e-08,-5.83158987204454e-08,4.6610031731006e-06,1.41413946639735e-05,1.01410462262582e-05,4.38169379793858e-06,0,3.55772584381856e-06,2.0342324362234e-06,6.91154932714723e-07,9.51676427777409e-07,5.45479476533873e-07,4.81583192085128e-07,-7.92048942884015e-08,0,1.68143424196215e-07,-9.84157006968696e-07,2.68619484157457e-07,-4.90614333931643e-06,4.14305158669119e-09,2.67681962855604e-08,5.92744260418848e-09,6.18005879897417e-09,5.70034130729553e-11,7.29384489195701e-09,1.20770504950157e-09,-3.22444677185232e-09,8.35272208347397e-09,2.38408443199591e-09,-5.21844788238834e-06,-9.91656077012326e-06,9.31164311646388e-06,0,-8.40473402809199e-06,-4.88842328881087e-07,0,2.92565960587362e-06,-6.85534520686013e-06,0,-1.58499869887024e-08,-4.77658460322323e-05,-3.36230727569523e-05,0,0.00155456510120763,-4.63514136488573e-07,-3.37405782406693e-06,0
"east_of_england","beta10",1.35720666151882e-07,-7.18587249699718e-07,-1.43955767684727e-05,-1.33950424411856e-07,-3.61510000934001e-08,5.95927021068198e-07,-6.34980692264031e-07,1.21537218570621e-07,-2.99688339158872e-08,1.21722864664289e-08,1.4380940030318e-08,1.69823382710283e-08,9.45216508388175e-09,2.89371892565471e-08,-7.77927865419565e-11,9.95354479820674e-08,2.56137753702727e-08,-6.61058666995975e-09,1.85635222553991e-08,-8.42637779009138e-09,2.83822194462309e-09,1.5556588814671e-08,-2.06093976016241e-09,-2.6273940729316e-08,0,0,4.21188721845247e-09,0,0,0,0,0,0,0,-5.18814957994135e-09,-4.08594590730989e-09,2.30153236192551e-08,-7.29799604469714e-08,2.68763527711767e-07,-6.1112268137161e-07,-7.561730180501e-06,1.15953121615466e-06,8.13125031399182e-08,-1.06144286427543e-06,0,6.02029034158652e-07,-1.41126223025136e-06,-1.36994975517246e-07,1.27325430100146e-06,4.87602299363957e-07,-3.25318190615443e-07,6.49235411102379e-09,0,-1.19372845748923e-06,2.52519453346341e-07,-2.7313606673087e-08,2.7181625913683e-07,-2.2902186618694e-09,-5.92896908657103e-09,-7.07804025924706e-09,-1.77304876040494e-09,-9.16112193465515e-09,-3.73069930124955e-10,-2.82922816694425e-09,1.48647854724739e-09,-2.00239627145789e-10,-3.51124259970625e-09,3.0552524287786e-08,4.15819099595848e-06,1.68725367816501e-06,0,4.28703718385986e-06,-1.8068294385053e-06,0,-5.88206368459497e-07,4.74901727978516e-06,0,1.20194781468274e-08,-7.13002328211415e-05,3.29886529057887e-05,0,-4.16084236775043e-06,-9.29504311731759e-07,5.61841056948936e-07,0
"east_of_england","beta11",-2.77528461332244e-07,1.26923398382503e-06,2.85648372555922e-05,8.09314631566921e-08,1.26786441588094e-08,-6.34980692264031e-07,1.12609680694644e-06,-4.35698456322093e-07,1.70909735551649e-07,-1.18911854857334e-07,1.92935390485396e-08,-1.65033736679628e-08,-1.30150582366246e-08,3.43739596453234e-09,-1.68487721030952e-08,-2.93067952626014e-08,-2.14408351351079e-08,-3.70554931200656e-09,-1.03243976188262e-08,-1.69169852781927e-08,7.45056646009824e-09,-1.76482859151193e-08,8.06369987001104e-09,-1.98741350306046e-08,0,0,-1.37095221048765e-09,0,0,0,0,0,0,0,1.02847266586808e-08,-8.23196311442613e-09,3.44387967392862e-08,-6.66994656871869e-09,-1.39364099031396e-07,5.08785875793933e-07,3.55710250441627e-06,-1.76783950428277e-06,-4.65374845389052e-07,1.73917605882632e-06,0,-1.35823780960641e-06,1.68424064025251e-06,1.39651728162054e-07,-1.05775045510817e-06,-4.97824435739838e-07,2.14823285332468e-07,-6.69505530074827e-07,0,5.25244658557234e-07,-6.34488719568168e-07,4.6933338322694e-08,1.30428310013823e-06,3.80511342341954e-09,1.19459979826201e-08,1.19898801754723e-08,5.45025650707705e-09,1.65459561871631e-08,2.55627099861065e-09,4.10864012067911e-09,-1.44530924203216e-09,1.37623967487364e-09,2.02968119762645e-09,-1.91020412331061e-06,-3.67362195982819e-06,-1.66478117159516e-06,0,-4.30443501708086e-06,1.64245043871071e-06,0,5.41890963315152e-07,-4.23483156036112e-06,0,-6.93027687673746e-09,0.000136411875978516,-5.71999120913031e-05,0,-4.04544902259369e-06,1.3032211653556e-06,-3.7964665757433e-07,0
"east_of_england","beta12",2.7555686528177e-07,-1.25706623226108e-06,-7.1246518562352e-06,-3.17486800706345e-08,5.11814509928903e-08,1.21537218570621e-07,-4.35698456322093e-07,4.32470232438872e-07,-2.51889030377689e-07,2.0234930789158e-07,-8.45664459562329e-08,-1.68650280951812e-10,-2.85781969637781e-09,-2.21414079777301e-08,3.2092964043954e-10,8.6555341884056e-08,-4.02907272196416e-09,-6.3185352505358e-09,-4.39769442869608e-09,-1.54374915701437e-08,-1.0217074673362e-08,-6.5604581841978e-09,-5.74254030005611e-09,1.41539287469078e-08,0,0,-3.01227751741035e-09,0,0,0,0,0,0,0,2.56185246793846e-09,7.30736927275021e-09,-1.56098590907793e-08,2.62454574778259e-08,-1.24981294573681e-08,-3.94369537799108e-08,4.14612657726506e-06,2.24992074044496e-06,-3.63102410199346e-07,-1.17778911645098e-06,0,1.24779263577353e-06,-6.19705876138513e-07,8.23370165079435e-07,1.24869222461802e-06,2.31865044170472e-07,-1.49286301160115e-07,-4.48564037232788e-07,0,-1.48248360252154e-07,2.41995568973941e-08,5.58235853586856e-08,6.66531927451491e-07,2.29530119146292e-09,1.73804967840208e-09,-1.20250201761872e-09,-3.26269025515817e-10,-1.46396002687549e-09,1.48712188381514e-09,2.68412115798183e-10,2.22142487130852e-09,3.24794827432477e-10,1.99198682303364e-09,1.19152922033771e-06,3.80049966016111e-06,1.40718435274098e-06,0,2.52331963252986e-06,-7.18016140105959e-07,0,-2.54628790519359e-07,1.79021128197199e-06,0,-2.39044848194905e-10,1.26404065121138e-05,3.27408625913885e-05,0,1.02197077660393e-05,4.64943691776405e-07,1.60270610344031e-07,0
"east_of_england","beta13",-3.4542938209846e-07,2.00986090125104e-08,-1.19926522519705e-08,-8.99138924874369e-09,-6.28281862362269e-08,-2.99688339158872e-08,1.70909735551649e-07,-2.51889030377689e-07,2.47642888426009e-07,-2.15177501524769e-07,1.18208356525201e-07,1.31710741424411e-08,1.89094684677584e-08,3.71462017652064e-08,1.9299915414484e-08,1.05624898750556e-07,1.3242346707621e-08,2.04054675698007e-08,1.28211496688222e-08,2.99749602830216e-08,1.84258480047703e-08,2.42833469764694e-08,2.41900464034058e-08,7.2831498019804e-08,0,0,-6.6337961104536e-09,0,0,0,0,0,0,0,1.34838274491674e-09,-1.9047347313154e-09,1.01430928188731e-08,-1.94780324298739e-08,2.67885952237268e-08,7.94746969451494e-10,-3.85075502641043e-06,-2.36257624154158e-06,-4.47246462754361e-07,1.58640637521893e-07,0,-8.69994896807239e-07,2.64359586196201e-07,-8.23998598102806e-07,-4.45162960626068e-07,1.04136550850298e-07,-5.91783931156681e-08,-7.98129294946969e-08,0,1.25500964095639e-07,5.72941682920488e-08,-6.39601753941767e-10,-2.21438343928153e-07,1.95700079194773e-09,2.77398203912469e-09,4.80355913498672e-09,2.65677419375391e-09,4.04196993326143e-09,7.24215265215036e-10,3.2924558032791e-09,1.03551476483061e-09,8.3113261072091e-10,1.40132440489985e-09,1.37914242877771e-07,1.07609421431919e-06,-1.04592046859412e-06,0,-1.75975026683476e-06,4.73276141253164e-07,0,-2.85808519279106e-07,-3.45737412126398e-07,0,3.96075436442142e-09,-1.9022923461317e-05,-1.71043400177777e-05,0,-1.28883932062848e-05,-8.86875940249565e-07,1.55654192407147e-07,0
"east_of_england","beta14",3.66969920786819e-07,-4.58796048893345e-07,5.47037013031328e-06,6.78845388455482e-08,4.23889847641927e-08,1.21722864664289e-08,-1.18911854857334e-07,2.0234930789158e-07,-2.15177501524769e-07,4.99744313326615e-07,-2.53957266224102e-07,5.51994505105433e-08,1.78272286670823e-08,5.95317404287355e-08,2.6109688754202e-08,-1.6558559658558e-07,6.6100634427353e-08,3.7547265578377e-08,9.92325968077638e-08,2.22863065390377e-08,5.76605910965618e-08,5.63135817028766e-08,6.57319499151217e-08,-8.68022239035408e-08,0,0,-3.70921530896279e-10,0,0,0,0,0,0,0,8.98904034687833e-09,-1.37577388694905e-09,-1.28298011171818e-08,4.2139804931155e-08,-4.23888295389618e-08,1.6362047184982e-08,7.7858905879061e-06,8.48937723682552e-07,9.12331909225237e-08,2.91349390320375e-07,0,-1.02952491659973e-06,9.93106292253582e-08,9.71580244225837e-07,7.77245279188992e-07,2.24295326646078e-07,1.05750824884589e-07,-4.02995011500244e-07,0,-5.96133971959781e-07,-2.94023586101021e-07,8.99558521744335e-08,5.2548141066319e-07,1.13211977908119e-09,2.18882105175449e-09,-9.10875789720962e-10,2.18669740520888e-09,2.70086720998938e-09,9.37115931547857e-10,-3.13871925135222e-10,2.96027626885667e-09,2.02692950309682e-09,2.70288552169131e-10,-1.13653348850766e-06,-1.84187935000724e-06,2.20206142235148e-06,0,1.02628348181003e-06,-6.96495921896563e-07,0,-7.38440013457741e-07,2.28875277435979e-06,0,-2.22884582869895e-09,-8.27097536922434e-05,-9.57546185701267e-06,0,-3.38370086199358e-06,-1.73152487087207e-06,-5.42563039854181e-07,0
"east_of_england","beta15",-2.23229286842986e-07,-5.92907379066887e-07,-6.11912567996969e-07,-6.65301691691174e-09,-6.42582106484703e-08,1.4380940030318e-08,1.92935390485396e-08,-8.45664459562329e-08,1.18208356525201e-07,-2.53957266224102e-07,4.63977291230018e-07,-2.5022753707532e-08,8.31485757141672e-08,-7.00344765755105e-09,8.22834800858383e-08,1.33727979957341e-07,1.8419235434225e-08,5.88903537799876e-08,6.71071954123366e-11,1.0280728589288e-07,2.71495946368969e-08,4.72983520567e-08,3.5024875421764e-08,1.64099396664681e-07,0,0,-1.84872918158275e-08,0,0,0,0,0,0,0,7.4275208316207e-09,-1.20831824103415e-09,2.17339304913766e-08,-1.15011047465126e-08,3.81375025826239e-08,-2.80571531898193e-08,-3.78306375689817e-06,1.26130266335989e-06,2.92299086482379e-07,1.09689502524946e-07,0,8.38861120002936e-07,2.2424654608419e-07,-8.42526741477202e-07,-5.34947319865626e-07,1.41013215058629e-07,3.53854808649213e-08,-7.00860125827787e-07,0,1.57329058611124e-06,-4.41640215287906e-08,-1.8124401072611e-08,-5.60192871286622e-07,2.93416644213982e-09,4.72410108460427e-09,5.9757373974807e-09,1.83830460677386e-09,4.7285280461249e-09,1.32747539012865e-09,4.0769409790908e-09,-1.16948049333281e-09,8.10744749273212e-10,2.87205636095795e-09,1.48093551962168e-06,1.51878490187428e-07,-1.5512623248605e-06,0,1.61826261669135e-06,9.01948429021021e-07,0,1.01493907412962e-06,-2.33034546787158e-06,0,-3.18663201979607e-09,-0.000104250624584944,3.17520747994089e-05,0,-2.16336463675306e-05,-1.98858005004811e-06,3.76432142754891e-07,0
"east_of_england","beta16",-3.68923539978954e-08,-5.25412112015764e-07,-4.46528642797847e-06,9.06491992315869e-09,3.47262420104449e-08,1.69823382710283e-08,-1.65033736679628e-08,-1.68650280951812e-10,1.31710741424411e-08,5.51994505105433e-08,-2.5022753707532e-08,4.85393360278847e-08,2.76140691366535e-09,7.21177682582024e-08,1.3550145727976e-08,-2.80547266209264e-08,4.35443276510225e-08,2.779010884323e-08,4.6720627988279e-08,3.82068603533606e-08,3.16894097683702e-08,4.3089679216737e-08,3.66159135680214e-08,6.54391755606119e-08,0,0,-4.37326895277344e-10,0,0,0,0,0,0,0,1.84221967782837e-09,1.75799371785692e-09,4.15259157884026e-10,5.07824577536111e-09,7.43924956502108e-09,-1.43529852116378e-08,5.49647708155953e-07,7.24467435244661e-07,1.12978407811156e-06,-4.27973867087759e-07,0,1.56925185629138e-07,-2.63649882771748e-07,1.74625424999076e-07,4.3331962705302e-08,1.41818830844238e-07,3.47084664430738e-08,-4.3163176618842e-07,0,8.32043707467327e-08,-6.07979135942202e-08,3.06795950089365e-09,-6.60019862055936e-08,6.38571923758864e-10,1.79556169659516e-09,1.99717400457388e-09,1.72668682644822e-09,3.02398230519186e-09,8.79089678065471e-10,1.06455793388292e-09,1.40112404538173e-09,6.91343799205886e-10,1.58309511778665e-09,-7.68962396280132e-07,-8.88995896071881e-07,3.87264006574508e-07,0,8.88007158061122e-07,-9.91685949614888e-08,0,2.69129694393987e-07,-3.80630098351769e-07,0,9.0774337705553e-10,-7.01452645500436e-05,-9.43038306105441e-06,0,3.25503272463743e-06,-1.36531886182068e-06,-9.46643809874445e-08,0
"east_of_england","beta17",4.23480947295138e-08,-3.35602839240073e-07,4.45818843157639e-06,-1.93238341527432e-08,-4.806379199831e-09,9.45216508388175e-09,-1.30150582366246e-08,-2.85781969637781e-09,1.89094684677584e-08,1.78272286670823e-08,8.31485757141672e-08,2.76140691366535e-09,5.81102891921006e-08,-2.36893076323083e-08,5.95133256451248e-08,1.00618768189909e-07,1.62142200130838e-08,3.96030739180157e-08,2.02162289637433e-08,5.58546299201845e-08,2.66901062520586e-08,4.09796413830628e-08,3.75854045295708e-08,1.09299108431564e-08,0,0,-7.0910049929818e-09,0,0,0,0,0,0,0,6.13486944946517e-09,2.32302665665242e-09,3.53633332236115e-09,8.8213519057643e-10,8.88490979169463e-09,-1.1121721619691e-09,-3.08035924883243e-07,-7.13960807821098e-07,-5.05902697989091e-08,4.62843239060575e-07,0,6.48865810076177e-07,-1.91953829126488e-07,-3.48888921085068e-07,2.65055707665927e-07,3.00189517810406e-07,5.3313886152649e-09,-5.92539911740886e-07,0,-2.99174381375793e-07,-8.20336905938453e-08,6.01505738167459e-09,5.09498307371327e-08,2.61714413731356e-09,4.189945416421e-09,3.62515521587979e-09,2.35056933858210e-09,5.81647972490498e-09,1.87706440672321e-09,2.90629417403405e-09,1.98163764761042e-09,1.42390872801085e-09,1.50101056164839e-09,-5.99344600409902e-08,1.24497202478059e-06,1.94377886751414e-07,0,3.13767848738264e-07,2.68113320502946e-07,0,2.43791754821834e-07,-3.01653318473426e-08,0,3.92117366520398e-10,-7.13547779644022e-05,8.71192886712572e-06,0,-3.89704749251346e-06,-1.25276192769288e-06,4.05369120057675e-08,0
"east_of_england","beta18",-2.89951237011464e-07,-2.98934506221993e-07,-1.15747164851549e-05,-1.08854177997448e-07,-2.04412782278828e-08,2.89371892565471e-08,3.43739596453234e-09,-2.21414079777301e-08,3.71462017652064e-08,5.95317404287355e-08,-7.00344765755105e-09,7.21177682582024e-08,-2.36893076323083e-08,3.18371951058462e-07,-1.32852017224027e-07,1.01115237213632e-07,1.22190872144219e-07,-1.71450343681422e-08,1.15293582993387e-07,1.64755060261165e-08,4.83073788672715e-08,5.44207759687264e-08,4.27266769831005e-08,2.02439185497957e-07,0,0,-2.77552943144932e-09,0,0,0,0,0,0,0,9.3622704874061e-09,2.45457559917355e-09,-1.79311844776033e-08,3.50572514136425e-08,-2.61195591796303e-08,-3.42521418153992e-09,-2.48521564396498e-07,-5.5267533307336e-07,-3.60544529981093e-06,9.24484290161864e-07,0,-2.16254471849477e-06,1.0478421994585e-07,-1.89105863001745e-06,9.6879374395991e-07,-1.11872299683457e-07,-2.08175634887595e-08,-9.19527025514241e-07,0,-5.88488586884923e-07,7.81423351031054e-08,-7.24518590885958e-08,1.01532750668838e-06,1.78311179687229e-09,4.69911447528535e-09,6.27695190498639e-09,2.44308352366832e-09,7.41107270436834e-09,1.46097777438436e-09,2.03229692133577e-09,1.31341255865835e-09,1.22346827500366e-09,4.65294405140135e-09,7.22943527199451e-07,-1.13273868185404e-06,1.86350647624831e-07,0,2.84550996012645e-06,-4.77388010363216e-07,0,-8.74866858997709e-07,3.4152363764537e-06,0,8.87315304865345e-09,-0.00010947891010113,-0.00011937897581645,0,-8.25777530267101e-06,-2.06127995734956e-06,4.29306278597605e-07,0
"east_of_england","beta19",-1.05301292726035e-07,-7.96150977560252e-07,4.77913092596547e-06,7.14367609012546e-08,3.65735371162998e-08,-7.77927865419565e-11,-1.68487721030952e-08,3.2092964043954e-10,1.9299915414484e-08,2.6109688754202e-08,8.22834800858383e-08,1.3550145727976e-08,5.95133256451248e-08,-1.32852017224027e-07,3.49565483770459e-07,-6.66065790017386e-08,-1.68156882096338e-07,1.00404051058817e-07,-1.4792833311859e-07,8.51311739890834e-08,-1.18451307254128e-08,-4.23197411682762e-09,-1.96360631755086e-09,-3.87646519032981e-09,0,0,-4.07354186231688e-09,0,0,0,0,0,0,0,6.85405702766099e-09,-1.02960358595688e-08,3.28665166871111e-08,-2.82131700452825e-08,4.90089449756047e-08,-1.29140504675168e-08,-5.64624273649964e-07,1.39267165286534e-06,1.91490394493795e-06,-4.57394816968397e-07,0,-1.25846708340575e-07,8.89840458233669e-07,-1.56157420925335e-06,-1.38801210329305e-07,4.2839841525291e-07,1.26469087429164e-07,-5.60485618152209e-07,0,5.92847181403729e-07,-1.40467296830177e-07,-4.34918857634143e-08,-1.90441113768548e-06,2.95602991296416e-09,5.65926132528774e-09,3.93742122433454e-09,3.89637005386802e-09,4.36575569846254e-09,1.85985688523541e-09,2.56818954570693e-09,2.22739478211943e-09,1.96843764289248e-09,2.07889050895843e-09,-2.21581604423435e-07,-1.93732729922351e-06,6.50095893248719e-07,0,-6.54098832774749e-07,9.87422312764845e-07,0,1.38655741057285e-06,-3.45668804310756e-06,0,-2.68347239642564e-09,-8.69108279016476e-05,0.000221501242215904,0,-9.02682532244499e-07,-1.53545702361906e-06,2.25084886844479e-06,0
"east_of_england","beta2",4.01349863021694e-06,-1.20332288682988e-05,2.02651706406054e-05,-1.84091213660029e-06,-7.15668641060213e-06,9.95354479820674e-08,-2.93067952626014e-08,8.6555341884056e-08,1.05624898750556e-07,-1.6558559658558e-07,1.33727979957341e-07,-2.80547266209264e-08,1.00618768189909e-07,1.01115237213632e-07,-6.66065790017386e-08,2.25157696444646e-05,7.22498383175085e-08,-4.23706829463814e-08,-2.06540122996999e-07,3.91239499511049e-07,-1.08101466002656e-08,1.06132268145239e-07,-1.71351777943765e-08,1.78698836473013e-07,0,0,-1.07949545221047e-06,0,0,0,0,0,0,0,5.16031156835416e-07,-3.45028430845136e-07,1.13723236300108e-07,-1.47701832447196e-07,4.03107302669322e-08,1.92217531554746e-07,9.57198312542776e-06,-7.96869722948689e-06,-1.9714683065632e-05,1.16137963456538e-05,0,-1.00265495979919e-05,-3.84022199684064e-06,-7.15760908846255e-07,9.94124087928563e-06,1.37716542854982e-06,-1.54704187112052e-06,-1.85847585920781e-06,0,-2.7852513369146e-06,-2.44055340153548e-06,-3.00631533119112e-07,1.34964833090129e-05,1.51461761373758e-09,-2.08440909005614e-08,-9.75409961586283e-09,-6.21211796807809e-09,1.4277245735595e-09,-6.0209040302402e-09,6.08273481862892e-09,1.3461537487431e-08,-1.35838840040209e-08,1.73898447160512e-08,6.49884174660666e-06,1.7370998359046e-05,-7.38226250954069e-06,0,3.08311798054729e-05,-1.22977553370059e-05,0,-6.96749658266472e-06,3.97871045928744e-05,0,5.47233731338806e-08,-6.82158149936474e-05,-0.000166978744546284,0,-0.000989972712106769,-1.06253546026264e-06,-9.08141855272763e-08,0
"east_of_england","beta20",1.2617207744808e-07,-5.42167308964007e-07,-5.19076585571549e-06,-2.07266891235228e-08,8.83629913082728e-08,2.56137753702727e-08,-2.14408351351079e-08,-4.02907272196416e-09,1.3242346707621e-08,6.6100634427353e-08,1.8419235434225e-08,4.35443276510225e-08,1.62142200130838e-08,1.22190872144219e-07,-1.68156882096338e-07,7.22498383175085e-08,3.52639542969167e-07,8.0491498536586e-09,3.89219791470273e-07,6.93800419836261e-08,1.6659833573794e-07,1.81235967407492e-07,2.03875892881878e-07,6.26806510432265e-08,0,0,-2.06838575135515e-08,0,0,0,0,0,0,0,1.32503798213186e-08,4.48900674471553e-09,-1.34304167418324e-08,3.20533929872277e-08,-2.65891597382206e-08,5.29548527339103e-09,2.3062171495527e-06,1.23934583112528e-06,4.5089095983504e-07,-8.26144445630131e-07,0,-1.37242606848318e-06,-6.8997854345536e-07,9.52189561133819e-07,8.95984397433393e-07,1.93809558091062e-07,1.22317093684107e-07,-8.91425639291331e-07,0,9.6183194114406e-07,-8.85814630185424e-08,7.87964838063902e-08,-5.12375737671127e-08,2.75806909226717e-09,1.25260324667447e-09,4.66457284903303e-09,2.78653609305375e-09,8.23809807483975e-09,3.08233108512189e-09,2.23903936104644e-09,1.91118023698355e-09,1.5582803270376e-09,3.04220360987655e-09,-3.67887374504287e-07,-3.02455354710917e-06,7.13999028985971e-07,0,4.69277888247762e-06,-2.66115845499438e-06,0,-1.09785353295518e-06,4.17628726930556e-06,0,4.20413603310388e-10,-9.47836041528586e-05,-0.00016959350868403,0,1.35126415534322e-05,-1.67048716942829e-06,-6.05230914311768e-06,0
"east_of_england","beta21",-6.92918843441658e-08,1.05392691291168e-07,1.50284101487889e-05,8.42540674401364e-08,1.05196162600356e-07,-6.61058666995975e-09,-3.70554931200656e-09,-6.3185352505358e-09,2.04054675698007e-08,3.7547265578377e-08,5.88903537799876e-08,2.779010884323e-08,3.96030739180157e-08,-1.71450343681422e-08,1.00404051058817e-07,-4.23706829463814e-08,8.0491498536586e-09,4.20810658326818e-07,-1.67923679844251e-07,4.12221842585378e-07,1.52296083969837e-07,2.07857701224137e-07,2.21513087946235e-07,1.80541407187288e-07,0,0,-2.38543863285255e-08,0,0,0,0,0,0,0,1.38834969153838e-08,-1.76095855903413e-08,4.38283319452391e-09,9.86486519208477e-09,1.55855257396936e-08,1.33553614165929e-08,-7.62076820272457e-06,1.68840360372425e-06,9.44224532355825e-07,-7.77146838849855e-07,0,4.25501330101495e-08,1.38653960456922e-07,1.20586534520616e-06,-8.52416263431859e-07,-1.92045502309594e-07,-2.61911796998108e-07,-5.36752101481986e-07,0,-7.60957278351045e-07,-3.06718220618138e-07,4.64187796366172e-08,-8.00224783763946e-07,4.62619889669661e-09,-4.61924157643774e-10,3.07221967119319e-09,5.04090045918832e-09,3.45643146651853e-09,1.96192085153749e-09,1.60877937876554e-09,3.09934496353405e-10,1.41460821635536e-09,2.49078770725175e-09,1.50050950011781e-06,4.65307042672612e-06,-2.31165389021052e-07,0,-1.26246858552382e-06,8.81473897988937e-07,0,8.848261769763e-07,-2.43847271401445e-06,0,-6.11341450575801e-09,-8.81986208435299e-05,-0.000290013554714954,0,1.45943975432427e-05,-1.61671185957264e-06,-7.56679713807303e-06,0
"east_of_england","beta22",1.62071556360166e-07,-9.07219931052305e-07,-3.29416875547711e-05,6.07488357568244e-08,6.07022439896396e-08,1.85635222553991e-08,-1.03243976188262e-08,-4.39769442869608e-09,1.28211496688222e-08,9.92325968077638e-08,6.71071954123366e-11,4.6720627988279e-08,2.02162289637433e-08,1.15293582993387e-07,-1.4792833311859e-07,-2.06540122996999e-07,3.89219791470273e-07,-1.67923679844251e-07,1.58428369705803e-06,-8.44926274991239e-07,3.44731548535246e-07,1.86653449492992e-07,3.0020663694279e-07,-1.42999370848597e-07,0,0,-1.62309175378384e-08,0,0,0,0,0,0,0,1.55715669377787e-08,-5.04932709574487e-09,2.6637224778191e-08,1.65736531126897e-09,-7.76995846633985e-09,-3.66973686366018e-09,2.9803980881943e-06,-2.16466130693296e-06,-2.1158425061994e-06,2.43404474929696e-07,0,-9.76373486465752e-07,-1.09713666576953e-06,9.07683525511865e-07,6.56814846796426e-07,3.15458562580993e-07,1.59422429723003e-07,-1.12636414281528e-06,0,3.19768696291325e-06,4.95672088341097e-08,1.64572890902415e-07,-3.92435191628621e-07,2.18357201745001e-09,5.04367974814581e-09,9.75228657388185e-09,2.49314448227779e-09,2.35130328568553e-09,3.45459123869198e-09,1.36632054504093e-09,2.45048297091152e-09,3.47586904592214e-09,1.27069387776698e-09,-4.30786167623449e-06,-4.47792566997433e-06,-1.32081079242611e-07,0,6.35721475111316e-06,-1.9821947273271e-06,0,-2.68905881139241e-06,6.28933048660206e-06,0,4.48344285265905e-09,-9.61040228851441e-05,-0.000307982296010801,0,-9.78923697116245e-06,-1.85237443153594e-06,-8.62996989959102e-06,0
"east_of_england","beta23",-2.59306146652227e-07,9.01587268526166e-07,3.40984517189206e-05,-8.10005694881111e-08,1.37304718153227e-07,-8.42637779009138e-09,-1.69169852781927e-08,-1.54374915701437e-08,2.99749602830216e-08,2.22863065390377e-08,1.0280728589288e-07,3.82068603533606e-08,5.58546299201845e-08,1.64755060261165e-08,8.51311739890834e-08,3.91239499511049e-07,6.93800419836261e-08,4.12221842585378e-07,-8.44926274991239e-07,1.77606620066866e-06,-1.74634283887064e-07,4.20419932210569e-07,8.45838136123937e-08,9.91694716319734e-07,0,0,-2.54322166443154e-08,0,0,0,0,0,0,0,1.01959879623891e-08,-1.22282675198965e-08,5.09153923635909e-10,-9.2145069687806e-09,2.04073372547641e-08,4.18811936819181e-08,-4.79652253611139e-06,7.33786859145464e-06,3.31292570212532e-06,-1.86500082413779e-06,0,-2.56286393355062e-06,3.13730041239807e-07,-1.37317423704109e-06,-1.40048034789575e-06,-6.9027854796146e-08,1.16246180118337e-07,-2.19316186972038e-07,0,4.90525672684277e-07,-4.15402478021363e-07,-4.37617315820085e-08,3.00743110964414e-07,8.28053178909905e-09,-1.66392389174222e-11,-3.83470401744619e-09,3.00356708600766e-09,1.0617890558181e-08,4.99690605858222e-09,5.80546751378805e-09,1.43348551066458e-09,1.49743229237873e-09,9.11503070493203e-09,2.37552786339725e-06,7.52547655104837e-07,-2.68984982942265e-07,0,-2.81276387754327e-06,8.62232911873324e-07,0,1.45386862578927e-06,-5.85687530576975e-06,0,7.05145775247406e-09,-0.000137750845531074,-0.000363792383180559,0,4.76659390777622e-05,-2.27806914447966e-06,-7.98151834914367e-06,0
"east_of_england","beta24",3.60686271568649e-08,-3.90979725881502e-07,-1.44371887094324e-06,4.11498794567013e-08,9.59236572278824e-08,2.83822194462309e-09,7.45056646009824e-09,-1.0217074673362e-08,1.84258480047703e-08,5.76605910965618e-08,2.71495946368969e-08,3.16894097683702e-08,2.66901062520586e-08,4.83073788672715e-08,-1.18451307254128e-08,-1.08101466002656e-08,1.6659833573794e-07,1.52296083969837e-07,3.44731548535246e-07,-1.74634283887064e-07,3.46130860971278e-07,4.51585247904901e-08,3.4619087949601e-07,-4.70823966757369e-07,0,0,-2.46655903781386e-08,0,0,0,0,0,0,0,1.77697869694588e-08,-2.01096611716109e-09,-1.12750006946467e-08,3.31418916127172e-08,-2.50333166001453e-08,2.56735693546873e-08,-2.261180789771e-06,1.08856686039321e-06,1.35804375984792e-07,-2.59476447044848e-07,0,-7.13954013249648e-07,-2.60434077440287e-08,5.91547724517473e-07,2.99192373109071e-07,2.45609702790947e-07,-4.17060123588123e-07,-1.06033164334837e-06,0,1.01176541314691e-06,-1.63089357242077e-07,3.74785193385209e-08,-8.3456149538292e-07,3.94329314921152e-09,4.38327365032042e-09,7.70403798123152e-09,4.98578778499548e-09,7.29017218307383e-09,2.91156765703283e-09,2.39407496327136e-09,2.48597018357857e-09,1.61966653519033e-09,2.04101393334797e-09,-3.19513248331206e-07,4.08938476373749e-06,2.99702547827489e-07,0,3.05058605721017e-06,-9.37157642798429e-07,0,-4.59375365027065e-08,1.17436651252682e-06,0,-8.08473458127842e-10,-8.03985300463279e-05,-0.000233810633362942,0,9.46634001512275e-06,-1.43201229182194e-06,-6.53812174287778e-06,0
"east_of_england","beta25",-3.63305948344563e-08,-5.9512942609113e-08,7.28978050531855e-06,-1.59671593445279e-08,5.10164249797251e-08,1.5556588814671e-08,-1.76482859151193e-08,-6.5604581841978e-09,2.42833469764694e-08,5.63135817028766e-08,4.72983520567e-08,4.3089679216737e-08,4.09796413830628e-08,5.44207759687264e-08,-4.23197411682762e-09,1.06132268145239e-07,1.81235967407492e-07,2.07857701224137e-07,1.86653449492992e-07,4.20419932210569e-07,4.51585247904901e-08,3.78799061474512e-07,3.95784139718019e-08,9.4177966511771e-07,0,0,-1.64993539872211e-08,0,0,0,0,0,0,0,1.2381906269422e-08,-1.0045218872862e-08,1.26394391801816e-08,8.58463412797308e-09,-9.84095866740716e-09,1.88158816949982e-08,-2.41904139691261e-06,1.09927439944667e-06,3.0545928950753e-07,-5.27567390093539e-07,0,-2.01127164778285e-06,-5.06210109784953e-07,3.27619784390072e-07,-8.44226344456369e-07,-3.02832537728711e-08,2.22165827336374e-07,-8.63822905906587e-07,0,3.44871270248941e-07,-1.39506559953465e-07,6.86403317572523e-08,9.26296718485065e-08,6.38190820673352e-09,2.27803102792621e-09,6.60771216340904e-09,5.19701415224932e-09,8.4243357791357e-09,4.8118268601724e-09,4.95045733985437e-09,2.29585440362802e-09,3.41545470118541e-09,5.6544340574307e-09,-2.11480673390491e-07,-3.3723912524015e-06,-9.41236913085788e-08,0,1.38547081325499e-06,-8.01322428422991e-07,0,-8.16916780147965e-07,1.49157984257052e-06,0,3.3047513589547e-09,-0.000117182689570413,-0.000309589388018702,0,6.95478876379459e-06,-2.00977665977669e-06,-7.58044478587208e-06,0
"east_of_england","beta26",2.35790840517589e-08,-9.92347952401057e-07,-3.41519984802604e-06,4.22469407531212e-08,2.49725012006886e-07,-2.06093976016241e-09,8.06369987001104e-09,-5.74254030005611e-09,2.41900464034058e-08,6.57319499151217e-08,3.5024875421764e-08,3.66159135680214e-08,3.75854045295708e-08,4.27266769831005e-08,-1.96360631755086e-09,-1.71351777943765e-08,2.03875892881878e-07,2.21513087946235e-07,3.0020663694279e-07,8.45838136123937e-08,3.4619087949601e-07,3.95784139718019e-08,7.80070240111882e-07,-2.2365307651655e-06,0,0,-3.82047652238357e-08,0,0,0,0,0,0,0,2.76449608033778e-08,-5.03387379701753e-09,-5.75568765744684e-09,2.74242934016315e-08,-1.59865752549487e-08,5.07728025393668e-08,-3.06883740230031e-07,2.07527055029698e-06,6.77296329997866e-07,3.61005243299878e-07,0,-1.07265581234726e-06,-6.98803484767682e-10,-1.87131020368376e-07,1.61410488230149e-06,1.70663790851277e-07,-1.34615224648618e-07,-1.53711413333913e-06,0,1.10274659670277e-06,-3.1533998264641e-07,7.43740176584351e-08,-2.17851500331052e-06,1.01608598696963e-08,9.8661297237567e-09,1.1763684748526e-08,6.95287353134022e-09,1.66350324165113e-08,5.21012349637572e-09,4.72211306185953e-09,7.81982147107346e-09,3.09019253005985e-09,8.33806805830936e-09,-1.36937009129263e-06,2.8517683623775e-06,-5.37846221100886e-08,0,3.1792277880821e-06,-2.10764879352179e-06,0,-3.41840168308067e-07,1.26106215671168e-06,0,-4.76048165535568e-09,-9.18930076065628e-05,-0.000312661985833034,0,4.15218889893236e-05,-1.49777187206718e-06,-8.56950392369675e-06,0
"east_of_england","beta27",-1.41939940508138e-06,-2.57969302488312e-06,2.11395404850077e-05,1.42319868880435e-07,-6.31276089643367e-07,-2.6273940729316e-08,-1.98741350306046e-08,1.41539287469078e-08,7.2831498019804e-08,-8.68022239035408e-08,1.64099396664681e-07,6.54391755606119e-08,1.09299108431564e-08,2.02439185497957e-07,-3.87646519032981e-09,1.78698836473013e-07,6.26806510432265e-08,1.80541407187288e-07,-1.42999370848597e-07,9.91694716319734e-07,-4.70823966757369e-07,9.4177966511771e-07,-2.2365307651655e-06,1.98244596663498e-05,0,0,2.89541793033726e-08,0,0,0,0,0,0,0,-1.56172720021429e-08,-6.59472666878486e-08,7.05519468847797e-08,-3.32014429805909e-08,2.10372868761061e-08,1.8782617378843e-08,-8.3266660916943e-06,1.34702166710652e-05,-1.06951474996431e-05,-5.9533296848846e-06,0,-3.91380268271091e-06,-1.13410605615171e-06,2.08762364914691e-06,-1.95796678816783e-06,6.49824074957408e-07,-1.91544213852601e-06,1.24883216221357e-06,0,-6.54635394871416e-06,9.88282955253514e-07,3.99119887463819e-07,1.20399205525504e-05,-1.47760888603474e-09,2.83826613817218e-09,5.10631263702871e-09,6.24520362578075e-09,3.65827642634655e-08,7.26485504596365e-09,3.99097964876314e-08,2.60513767018726e-09,8.2047371826382e-09,-9.92965559407373e-09,-2.97820475535716e-06,1.40693495625437e-05,6.89870322335651e-06,0,-1.3439202755313e-05,7.07011254987956e-06,0,-2.63652879228146e-06,-1.66374235380543e-06,0,1.48421173594023e-08,-0.000138001093657361,-0.00030586037573972,0,-0.000140995164059983,-2.8446963390106e-06,-3.7126898543755e-06,0
"east_of_england","beta28",0,0,0,0,0,0,0,0,0,0,0,0,0,0,0,0,0,0,0,0,0,0,0,0,0,0,0,0,0,0,0,0,0,0,0,0,0,0,0,0,0,0,0,0,0,0,0,0,0,0,0,0,0,0,0,0,0,0,0,0,0,0,0,0,0,0,0,0,0,0,0,0,0,0,0,0,0,0,0,0,0,0,0,0,0
"east_of_england","beta29",0,0,0,0,0,0,0,0,0,0,0,0,0,0,0,0,0,0,0,0,0,0,0,0,0,0,0,0,0,0,0,0,0,0,0,0,0,0,0,0,0,0,0,0,0,0,0,0,0,0,0,0,0,0,0,0,0,0,0,0,0,0,0,0,0,0,0,0,0,0,0,0,0,0,0,0,0,0,0,0,0,0,0,0,0
"east_of_england","beta3",1.79246572928625e-07,5.11424557687097e-07,-1.05734311964077e-05,-4.31984293561103e-08,1.37808634626263e-07,4.21188721845247e-09,-1.37095221048765e-09,-3.01227751741035e-09,-6.6337961104536e-09,-3.70921530896279e-10,-1.84872918158275e-08,-4.37326895277344e-10,-7.0910049929818e-09,-2.77552943144932e-09,-4.07354186231688e-09,-1.07949545221047e-06,-2.06838575135515e-08,-2.38543863285255e-08,-1.62309175378384e-08,-2.54322166443154e-08,-2.46655903781386e-08,-1.64993539872211e-08,-3.82047652238357e-08,2.89541793033726e-08,0,0,1.80004933349288e-07,0,0,0,0,0,0,0,-1.10295024297841e-07,1.05724501042179e-07,-6.85521903375628e-08,2.32375033190838e-08,-1.40296893527893e-08,-1.2017193236248e-08,-4.14079060450367e-07,-4.35842639032548e-07,5.10947577942508e-08,-6.8998843814367e-07,0,-2.24483376831479e-07,-2.4260286227481e-07,-1.93713885030376e-07,3.09017970642052e-07,-1.17027336134007e-07,-3.28767653080256e-08,2.62032473629983e-07,0,9.56501893222649e-07,1.78857618270762e-07,-5.01278154228512e-08,1.26141847874987e-06,-1.82287226991297e-09,7.7041847921981e-10,-1.63501982476162e-09,-1.59725429882591e-09,3.35742007656275e-10,-2.58535122026843e-10,-2.17041533521099e-09,-1.26629231130546e-09,3.05531292505225e-10,-5.69292791778392e-10,8.91187931470551e-08,2.1245228146092e-06,7.16090895161004e-07,0,-4.91057219939344e-07,-2.290778793285e-07,0,7.61883061873883e-08,5.75977336473326e-07,0,1.07487918786367e-09,8.96243383644635e-06,2.03202034321417e-05,0,2.02443175407181e-05,1.47183705755704e-07,7.92584146259625e-07,0
"east_of_england","beta30",0,0,0,0,0,0,0,0,0,0,0,0,0,0,0,0,0,0,0,0,0,0,0,0,0,0,0,0,0,0,0,0,0,0,0,0,0,0,0,0,0,0,0,0,0,0,0,0,0,0,0,0,0,0,0,0,0,0,0,0,0,0,0,0,0,0,0,0,0,0,0,0,0,0,0,0,0,0,0,0,0,0,0,0,0
