"region","name","alpha_admission","alpha_D","alpha_death_hosp","alpha_H","beta1","beta10","beta11","beta12","beta13","beta14","beta15","beta16","beta17","beta18","beta19","beta2","beta20","beta21","beta22","beta23","beta24","beta25","beta26","beta27","beta28","beta29","beta3","beta30","beta31","beta32","beta33","beta34","beta35","beta36","beta4","beta5","beta6","beta7","beta8","beta9","mu_D","mu_D_2","mu_D_3","mu_D_4","mu_D_5","mu_gamma_H","mu_gamma_H_2","mu_gamma_H_3","mu_gamma_H_4","p_G_D","p_G_D_2","p_H","p_H_2","p_H_D","p_ICU","p_ICU_2","p_ICU_D","p_NC_15_24","p_NC_25_49","p_NC_50_64","p_NC_65_79","p_NC_80_plus","p_NC_weekend_15_24","p_NC_weekend_25_49","p_NC_weekend_50_64","p_NC_weekend_65_79","p_NC_weekend_80_plus","p_W_D","rel_p_D_alpha","rel_p_D_delta","rel_p_D_omicron","rel_p_H_alpha","rel_p_H_delta","rel_p_H_omicron","rel_p_ICU_alpha","rel_p_ICU_delta","rel_p_ICU_omicron","rho_pillar2_tests","seed_date_alpha","seed_date_delta","seed_date_omicron","start_date","ta_alpha","ta_delta","ta_omicron"
"east_of_england","alpha_admission",0.0447015883728333,-0.000439037953032357,-4.67374170397306e-05,3.01185798285719e-05,0.000104221753150258,-1.70463842550121e-05,1.78539847530086e-05,-4.32303316230255e-06,-4.52162409879127e-06,-1.68043821169842e-06,-1.29319347872412e-05,-6.46781902280279e-06,-3.13495582600215e-06,-9.31356586220211e-06,-8.82217668431875e-06,-0.000124915501237741,-7.58526277363263e-06,-4.20394489420009e-06,-1.8860109736052e-05,-1.61711359399117e-05,-7.68123972216169e-06,-1.00561311033937e-05,-1.58852298649256e-05,5.56220078957066e-05,0,0,-1.81511646656876e-06,0,0,0,0,0,0,0,4.5140564242329e-07,-3.5256198722591e-06,7.81045512709472e-06,3.6068098853861e-06,-2.21276263246503e-05,1.23154042031071e-05,-0.00036449363575217,-0.000212815636617543,-0.000242332992563004,0.000254146983631657,0,0.000453861243555273,0.000281702566003726,-0.000276495007150073,0.00058739557529292,-1.39752207695463e-05,4.85689459364992e-05,0.000259680554241291,0,0.000134242980069958,5.01641331455396e-05,-1.60176844061155e-06,6.82928434072395e-05,-1.33153721380377e-06,-1.85123708429933e-06,-2.08001109004584e-06,-1.27973089449152e-06,-5.24690783905504e-07,-2.30202967478608e-07,-3.94104388510322e-07,-6.07346768620892e-07,-7.95911049065353e-07,-4.70502811615064e-07,0.000343710398061492,0.00170275292791097,-0.000981286960765782,0,-0.00112751542315164,0.000128098964373205,0,0.000444638103693851,-0.000127129377110903,0,9.93997349564312e-07,0.0137822213238163,0.00879206232256832,0,0.0209887332902787,0.000236065484039346,0.000104878057844555,0
"east_of_england","alpha_D",-0.000439037953032357,0.000636455030851415,-1.47896190629213e-06,2.73602519443503e-07,-9.46427252539352e-07,-2.01697284016247e-07,-6.2032424121848e-07,-7.972690644498e-07,8.9976405531946e-08,6.05887298156208e-07,1.50550482577314e-07,-1.27034465549129e-07,2.96120367157815e-07,-1.06004816962585e-08,1.30028239052481e-07,4.71558111303232e-06,7.8929544719545e-07,4.55591083189039e-07,1.29923135095294e-06,2.07316232713081e-07,8.5507790979689e-07,2.99911025200703e-07,1.23470525068904e-06,-1.96908224908359e-06,0,0,-1.2885173863201e-06,0,0,0,0,0,0,0,9.01053746393276e-07,-7.13511252396237e-07,8.70258080448329e-07,-8.67599015973767e-07,1.17435448691581e-06,-2.76996534594551e-07,-4.60513329513897e-05,-1.15470268159431e-05,6.96389467484875e-05,-2.78772153105378e-05,0,-0.000192068135199557,-1.88451545757129e-05,-5.30810254794325e-05,2.24391590680074e-05,-2.6886761842671e-05,6.51650534822082e-06,-5.56575830617093e-06,0,1.98656428727176e-05,1.94647541643881e-06,-9.09738300492574e-07,2.67653791970496e-05,-7.38472589722112e-08,-1.63257778709584e-07,-9.68477278522444e-08,-3.53201692036758e-08,-2.18693398315395e-07,-1.66028637968964e-07,-1.22290164581098e-07,-7.10225452684046e-08,-2.25399214628407e-08,-5.82210397526697e-08,-2.09173210931628e-05,-0.000523253064294635,0.0002507554137423,0,0.000267849957985764,-2.87108697560387e-05,0,-8.53173158599853e-05,0.000166910003325635,0,-1.83349552452848e-08,-0.00150312040263286,-0.000825876548482958,0,-0.000288886238275687,-1.47944223807375e-05,-2.75354327644012e-05,0
"east_of_england","alpha_death_hosp",-4.67374170397306e-05,-1.47896190629213e-06,9.5141637859743e-05,-2.44089930105092e-06,-1.61220372875847e-06,4.71052011135749e-07,-7.96112101284174e-07,5.10108923662978e-07,-5.11800277510092e-07,5.5358931307408e-08,4.21976129715871e-07,1.87193411880884e-07,-6.03385425846634e-08,2.34053819471074e-07,-1.00430514434116e-07,6.89993821573073e-07,4.46248145704698e-07,-3.02353363509479e-07,1.81199662669666e-06,-9.35317464768369e-07,3.93711576018105e-07,1.40888721367793e-08,1.54108805830648e-07,-5.32640120613559e-07,0,0,1.04182268629224e-06,0,0,0,0,0,0,0,-3.9802147067064e-07,9.97660648150036e-08,-5.55209607973572e-08,-4.31520717584283e-07,3.73799595063513e-07,-5.75394959109594e-07,2.14603919560685e-05,7.32570480172057e-06,2.96970158716147e-05,4.90700779786108e-05,0,-0.000136379456499571,-6.45159690199421e-05,-0.000106956680285016,-9.40283416389791e-05,6.81755742955737e-06,1.35462153621416e-05,8.02811486731639e-06,0,-4.10963728586521e-05,7.36158984684768e-06,-1.67275699933975e-07,8.61008233670613e-05,-6.05238021138779e-08,-7.13115066503675e-08,-4.3064694594355e-08,-2.8378046325125e-08,-7.60640052043989e-08,-2.26109551214117e-08,-3.91883742439047e-08,-1.98329615396853e-08,-1.84464345029125e-08,-3.50543912944028e-08,-2.42923039366952e-06,-0.000396067346693894,-3.49631194087829e-05,0,0.00028790866270047,-3.94767549574118e-05,0,-0.00011267547853565,0.000203387003433159,0,1.43837631465255e-08,-0.000390942878922816,3.45760385211623e-05,0,-4.49776426947998e-05,-9.41725424002923e-06,-7.09298798303177e-06,0
"east_of_england","alpha_H",3.01185798285719e-05,2.73602519443503e-07,-2.44089930105092e-06,1.01079701003683e-06,2.37154387522194e-07,-9.89164673925246e-08,3.14998354135169e-08,-6.86067683432794e-08,2.46657917377934e-08,6.96106079518882e-08,1.50673367003939e-09,-3.87602335367039e-08,3.20139462008208e-08,-1.28149307184264e-07,6.53500600894157e-08,-7.89564503018651e-07,-7.21674398355626e-08,8.52152142142297e-08,-2.1398415723774e-07,3.66202622580561e-08,-2.8657795510474e-08,-2.63623902488197e-08,-2.09483552066307e-08,-1.0778256659736e-07,0,0,-1.20257430313581e-07,0,0,0,0,0,0,0,4.85586341786993e-08,-5.04693739241989e-08,1.08448663984726e-07,-2.43148054701129e-08,9.60947689465946e-08,-2.10408257339538e-08,-6.1315857588515e-07,-1.10538910758926e-07,-4.41984085704714e-06,-5.63509191495165e-06,0,1.98219792852611e-05,5.95548377030951e-06,9.45660953163465e-06,9.12908319876879e-06,8.14147695053452e-07,-1.27375234057083e-06,-3.45554078624229e-07,0,1.31772330366287e-06,-1.42168313731111e-06,3.49390833771735e-07,-5.29231372872652e-06,-6.28422846530154e-09,-8.73921499660907e-09,-5.3171480514508e-09,-2.86204986578446e-09,-1.48336655420777e-10,-6.98373333490126e-09,-5.92658349929457e-09,-2.01291481334543e-09,-4.73958249875023e-09,-1.18060172094137e-09,-1.70303143851307e-06,5.17448083827688e-05,-6.19658539673564e-07,0,-2.51194356839969e-05,3.97455587218806e-06,0,9.16277729907663e-06,-2.08717695043302e-05,0,-6.04905996068078e-09,2.58212063078131e-05,7.54773250407544e-05,0,-1.67015148310414e-05,6.83270786554975e-07,1.48765427986474e-07,0
"east_of_england","beta1",0.000104221753150258,-9.46427252539352e-07,-1.61220372875847e-06,2.37154387522194e-07,6.04937801184694e-06,-7.71541531408619e-08,9.57651923040484e-08,-7.14515849235044e-08,5.533451793189e-08,-2.2172912509823e-08,-2.98979119227043e-08,-1.35383166032093e-08,7.39836206904766e-09,-9.57196797626097e-09,-1.76175710806508e-08,-7.2644105575304e-06,-2.1434854239721e-08,6.05779705330634e-09,-8.20978363021879e-08,8.80803056793793e-09,-2.78278084029485e-08,4.34989777048828e-09,-1.86914195139951e-08,2.0700178798901e-07,0,0,1.5865766274752e-07,0,0,0,0,0,0,0,-7.61543720320005e-08,6.63057364526833e-08,-5.14106795442048e-08,6.79925060371114e-08,-8.30309333953036e-08,6.76664842931373e-08,-1.89521907895738e-06,-2.19125996544215e-06,-1.5082558330658e-06,-5.62743253532815e-06,0,7.0232974490344e-06,4.22361181176993e-06,1.78219447729147e-06,-6.7878086086981e-06,1.63651441826301e-06,-7.94476852891548e-07,3.85194528753137e-07,0,1.83964215831744e-06,8.0453074692343e-07,2.58801435058699e-07,-3.593173100444e-06,-2.50344790329737e-09,-4.74915484305024e-09,-1.09379432434566e-09,-4.26899699186326e-09,1.02125599160229e-08,8.46230124286463e-10,-4.60393031379e-09,-6.25529385093719e-09,6.1462063521382e-11,3.72613252749082e-09,4.75822014055874e-06,2.31800113880574e-05,-7.05654514119492e-08,0,-2.01906107588368e-05,5.33727454649868e-06,0,5.47834496479384e-06,-2.55432826341495e-05,0,2.45524193469643e-09,2.97667520907453e-05,-9.77365420447603e-06,0,0.00121507042073885,3.81214442047617e-07,4.28404736204479e-07,0
"east_of_england","beta10",-1.70463842550121e-05,-2.01697284016247e-07,4.71052011135749e-07,-9.89164673925246e-08,-7.71541531408619e-08,5.94834521728782e-07,-5.94332113477923e-07,1.47069296029808e-07,-4.1589809240039e-08,3.51658228638256e-08,1.98936623428874e-09,8.90778160890236e-09,2.68315991691144e-09,1.29351650091744e-08,4.16854772186016e-09,1.61102499042609e-07,1.48489938814492e-08,8.04414691556868e-09,7.67540884874756e-09,4.4110894979623e-08,1.16001780039275e-08,1.30398210064784e-08,-1.14448056111055e-08,2.7334473762211e-07,0,0,2.0786840313796e-08,0,0,0,0,0,0,0,-4.17612011750165e-09,-3.91313279176836e-09,3.93798898313632e-08,-1.3072671204685e-07,3.8253665632866e-07,-6.71995205129204e-07,7.2518475107379e-07,6.32394560943014e-07,1.26853620995513e-06,5.8692785333159e-07,0,-4.32394897627416e-06,-1.19952288088205e-06,-1.97614261639889e-06,9.80136573544186e-07,1.24900282493571e-07,2.27663684238534e-07,-4.49485770719624e-07,0,-1.63046634768576e-07,1.88473249750599e-08,-3.92341451947606e-08,4.6427324227848e-07,2.06807254968473e-09,1.04415353745401e-09,1.50127652727209e-09,-3.32494085207794e-10,7.42673719032416e-10,1.68063263440952e-09,1.73006579746543e-09,2.89707757444528e-10,1.92996502137294e-09,1.39844278225316e-09,-2.50256533815229e-07,-1.08727746654657e-05,2.41752647706864e-06,0,5.56274268284588e-06,-8.78874096455214e-07,0,-1.54563966291677e-06,2.27448207428324e-06,0,5.32011827023045e-09,-1.01667467442772e-05,-2.32239011574236e-06,0,-1.05352797284151e-05,-1.21318664215743e-07,-3.19981836202433e-07,0
"east_of_england","beta11",1.78539847530086e-05,-6.2032424121848e-07,-7.96112101284174e-07,3.14998354135169e-08,9.57651923040484e-08,-5.94332113477923e-07,1.11086025606352e-06,-4.69154078366717e-07,1.75897716772284e-07,-1.15474639710987e-07,3.80788718663691e-09,-1.38416035140044e-08,-6.44023713007687e-09,-3.03194741148892e-09,-1.6864078995904e-08,-1.37483261182637e-07,-1.05114810480794e-08,-2.21370557004933e-08,6.58694040880816e-08,-1.34225615847922e-07,5.94146001566002e-10,-8.49699308853385e-09,2.50347346135996e-08,-3.23972168382914e-07,0,0,-1.07867392053011e-08,0,0,0,0,0,0,0,8.37296625018296e-09,3.67071570432738e-09,-2.68541229869067e-08,1.12697515869276e-07,-2.63083059443712e-07,5.08208251491112e-07,-7.40252656087646e-07,-8.94251146971521e-07,-2.03665782038688e-07,1.24059706798489e-07,0,2.7498547674746e-06,7.7016677408253e-07,2.754039980894e-06,-2.19566258843291e-06,-4.94510575178392e-07,-5.65023358505424e-08,-9.29745803886829e-07,0,1.9450978368225e-07,-1.30858021269584e-07,5.09817882248853e-08,4.65643688171749e-07,3.82831568503759e-09,6.17352344999874e-09,6.36055613677212e-09,4.62366504612426e-09,7.8131964046255e-09,4.61020038910622e-09,2.76074083264337e-09,2.95876516871293e-09,8.53279460222913e-10,2.67020344615546e-09,3.00446501956029e-07,3.9832617394423e-06,-2.02877206440661e-06,0,-3.33546580493965e-06,7.6557761233932e-07,0,2.20160971299982e-06,-2.51770420113153e-06,0,-4.55266331209436e-09,0.000103040533031067,-6.22801701654519e-06,0,5.21571287777343e-06,9.4921806366902e-07,3.23650373381997e-07,0
"east_of_england","beta12",-4.32303316230255e-06,-7.972690644498e-07,5.10108923662978e-07,-6.86067683432794e-08,-7.14515849235044e-08,1.47069296029808e-07,-4.69154078366717e-07,4.4826364781717e-07,-2.66637092888081e-07,1.94983383273391e-07,-9.06377882480029e-08,4.23790609881724e-09,-1.51868484443271e-08,-4.17442186447703e-09,-2.75471627720662e-08,8.5097668820322e-08,-8.77277965355457e-09,-7.87446976668373e-09,-8.65472870902268e-08,6.13518893974716e-08,-2.16981501574977e-08,-2.1589224383688e-08,-3.36275017725823e-08,9.19464096180563e-08,0,0,1.30433169035595e-08,0,0,0,0,0,0,0,-9.361292192153e-09,1.2075783472395e-08,-2.1147318328296e-08,-6.28486049065746e-09,3.2790368449304e-08,-9.04937641171385e-08,2.20625237823535e-07,5.12586492880233e-07,-7.19791737724955e-07,-3.10890043820773e-07,0,1.26687427381201e-06,-1.34788275267442e-07,2.97271192482391e-07,1.97131311338359e-06,5.34992591431735e-07,-7.05807620254185e-08,4.43733494658565e-07,0,-4.32846068113072e-07,3.51533908696477e-08,1.6840936618227e-08,3.25762997424118e-07,-1.06676126733534e-09,-1.53348505346599e-10,-2.22418658131101e-09,-1.04948926570773e-09,-5.84204275472842e-09,-1.24425538068031e-09,-1.331941691923e-09,-2.80037586534964e-10,1.04540334317166e-10,-2.21822322396844e-09,-2.48090030919683e-07,4.0692919608174e-06,-1.17734072168713e-06,0,-1.49823620092016e-06,-1.00834548593889e-07,0,9.85302575286379e-08,-5.30150109194785e-07,0,3.28900434294045e-10,1.9648734503511e-05,-5.13666404542117e-07,0,-9.09411918614356e-06,4.40915133863275e-07,1.7504709551811e-07,0
"east_of_england","beta13",-4.52162409879127e-06,8.9976405531946e-08,-5.11800277510092e-07,2.46657917377934e-08,5.533451793189e-08,-4.1589809240039e-08,1.75897716772284e-07,-2.66637092888081e-07,2.78241087505144e-07,-2.5143968874397e-07,1.52819478023359e-07,9.43050432186864e-09,2.55408851511424e-08,2.42372646820332e-08,3.0862737018996e-08,-1.57083802168547e-08,2.83174166056861e-08,2.54913503261169e-08,8.36765372701692e-08,-3.80162392433406e-09,2.51953490971819e-08,4.63422636710173e-08,4.23524826952059e-08,4.32194766562153e-08,0,0,-8.93822211324636e-09,0,0,0,0,0,0,0,5.67670214545281e-09,-4.76468417599575e-09,1.89899708417846e-08,-8.00771477002226e-09,1.2352136801211e-08,2.15082435245377e-08,-2.147413144132e-07,-8.52192053354175e-08,2.53535027050355e-07,-3.62750556395295e-07,0,-8.0735059066056e-07,3.2343099870274e-07,-6.79727163988611e-07,-2.26988223017439e-06,3.20120171467982e-08,-9.97446399534123e-08,-5.86870175615465e-07,0,-4.50353803177036e-09,-1.35891623140075e-07,2.1507111287868e-08,-3.43534569476502e-07,1.7037379535337e-09,3.11339979502863e-09,3.49322859340256e-09,1.9403190512895e-09,5.67755056465577e-09,1.35000352199675e-09,2.48310489309004e-09,1.24648314855321e-09,1.19562727694775e-09,4.45031261831155e-09,9.34907915356179e-08,-1.8378863304814e-07,1.49409787166985e-06,0,7.20546924891548e-07,3.63581644313676e-07,0,-5.28202832257905e-07,-8.8121447382253e-07,0,5.55649814150769e-09,-2.39201472484985e-05,-1.02446575332683e-05,0,5.39911523195104e-06,-9.37546577389703e-07,-2.74095250807639e-07,0
"east_of_england","beta14",-1.68043821169842e-06,6.05887298156208e-07,5.5358931307408e-08,6.96106079518882e-08,-2.2172912509823e-08,3.51658228638256e-08,-1.15474639710987e-07,1.94983383273391e-07,-2.5143968874397e-07,5.94474532362412e-07,-3.13315827745533e-07,7.19210081315496e-08,2.15639199105362e-08,8.08117187853739e-08,4.21745533958969e-08,-6.98727784501777e-08,4.71782891279311e-08,4.53958312673351e-08,2.30121428396449e-08,9.17434467692649e-08,3.09107850007342e-08,5.8943909293896e-08,3.02505170773633e-08,1.11296872809765e-07,0,0,-1.10876319772914e-09,0,0,0,0,0,0,0,6.29281000642652e-09,3.15241771204386e-09,8.95513352932005e-09,6.74844572103265e-09,1.84357450710228e-09,-1.71758822314294e-08,2.41518838537666e-07,-3.02106568234686e-07,-5.08301727695035e-07,-1.15693699369553e-06,0,5.8794817979986e-07,-7.44911913419492e-07,1.00349722348891e-06,2.10234144782736e-06,1.02798260040584e-07,-4.91564339649494e-08,-9.60699797823045e-07,0,1.89898037001988e-07,-3.12017655822873e-09,1.53317884545197e-07,6.18204645771387e-07,2.20385134242205e-09,3.81987582925454e-09,3.61894814802247e-09,1.80820030512555e-09,2.69499204648163e-09,1.69688482476564e-09,1.07526135333426e-09,1.90378195102201e-09,2.44612824307151e-09,-1.30537110088154e-09,-6.28754955694807e-07,2.18867943961547e-06,-6.41937732657698e-08,0,1.54246257301239e-06,-2.20103125640026e-07,0,-8.58778705210127e-07,5.55039108109582e-07,0,-4.14063893965347e-09,-0.000119006705313472,-2.3769085001822e-06,0,-1.58488845506033e-05,-2.18524862935138e-06,4.28930409603123e-07,0
"east_of_england","beta15",-1.29319347872412e-05,1.50550482577314e-07,4.21976129715871e-07,1.50673367003939e-09,-2.98979119227043e-08,1.98936623428874e-09,3.80788718663691e-09,-9.06377882480029e-08,1.52819478023359e-07,-3.13315827745533e-07,5.33632719867817e-07,-2.11034146545505e-08,9.31271637644823e-08,4.00046408696855e-09,9.96942264256391e-08,1.94928533984192e-10,5.40620967168747e-08,5.67570933062626e-08,1.22831571868788e-07,4.82752886332802e-08,6.29270572089956e-08,6.90566421863228e-08,8.89590511208218e-08,3.08733738131944e-08,0,0,9.18356428217584e-09,0,0,0,0,0,0,0,-2.59835095613713e-09,1.56047642297773e-09,3.85913502237451e-09,9.52449394193632e-09,2.31667833795717e-08,-8.23844811570341e-09,8.9264954583875e-08,-1.25292411577874e-08,1.35702832823792e-06,6.05096756993939e-07,0,-5.60100624530426e-06,-3.00600410650394e-07,-5.32983273134945e-06,-6.63004264084633e-06,1.53493110029025e-07,1.66538127138388e-07,-8.26151937227051e-07,0,-3.54388273857029e-07,-5.70989068607514e-08,-9.64280538799568e-08,7.07973291117069e-07,1.38746870159737e-09,3.3713050971548e-09,2.42775836884606e-09,2.10455894433311e-09,-4.00271392208332e-10,-6.7360210350819e-10,1.86028942880619e-09,9.84733856130687e-12,2.31451931946324e-10,3.87916485449168e-09,-5.34832699758991e-08,-1.09342896894116e-05,4.55897501756469e-07,0,7.78199442600935e-06,1.70150553452128e-07,0,-2.44892578811941e-06,7.91388963930962e-07,0,2.3194004066604e-09,-0.000134452745778042,1.52599759958263e-05,0,-1.6017921254192e-05,-2.56566171498978e-06,-3.14376150581901e-07,0
"east_of_england","beta16",-6.46781902280279e-06,-1.27034465549129e-07,1.87193411880884e-07,-3.87602335367039e-08,-1.35383166032093e-08,8.90778160890236e-09,-1.38416035140044e-08,4.23790609881724e-09,9.43050432186864e-09,7.19210081315496e-08,-2.11034146545505e-08,5.71258961682847e-08,4.34358363636692e-09,9.22948422534165e-08,1.37965381926594e-08,3.21524881872346e-08,5.02034463545132e-08,2.28692000817624e-08,5.86246951997898e-08,3.55964637930542e-08,3.76473332889391e-08,4.21142780044389e-08,4.11878096092541e-08,6.45382972227476e-08,0,0,7.801669669465e-09,0,0,0,0,0,0,0,1.38187247041961e-09,6.21195568609419e-10,6.93719246509569e-09,-2.93218051864122e-10,5.97477220159664e-09,-5.76678190550105e-10,2.91348261197008e-07,-1.45311907055013e-07,2.53871513730719e-07,-1.88698348879336e-07,0,-2.20956017703431e-06,-1.19303311355732e-06,-7.39419051762873e-07,-3.13062991751221e-06,-2.98498994570381e-08,1.52090569753271e-08,-7.35493563924147e-07,0,-1.7709344555139e-07,-1.523418100223e-08,3.23398840728018e-08,6.97387252377872e-07,1.75537536460464e-09,4.27017335648598e-09,3.03167305475844e-09,1.18393389124851e-09,3.44749962658539e-09,1.36797565155028e-09,1.46451017372287e-09,1.48384279973127e-09,1.43311177232189e-09,1.78515173645356e-09,-6.56155102778265e-07,-3.73468630833947e-06,-8.45614275784781e-09,0,4.77388579827976e-06,-2.43215229734881e-07,0,-2.10887139604346e-06,2.06885197127389e-06,0,1.24545888263219e-09,-8.89156301086857e-05,-9.21229569001282e-06,0,-5.74091490130238e-06,-1.68344200659782e-06,2.35062685594581e-07,0
"east_of_england","beta17",-3.13495582600215e-06,2.96120367157815e-07,-6.03385425846634e-08,3.20139462008208e-08,7.39836206904766e-09,2.68315991691144e-09,-6.44023713007687e-09,-1.51868484443271e-08,2.55408851511424e-08,2.15639199105362e-08,9.31271637644823e-08,4.34358363636692e-09,6.62348516080021e-08,-3.39598100281549e-08,8.45928247846655e-08,-7.31626212502183e-08,2.2265446426998e-08,5.1400690458028e-08,4.70305268429039e-08,5.65557083133066e-08,3.57107036927768e-08,5.01480944528454e-08,5.61406507097713e-08,5.4148043540992e-08,0,0,4.03972500629883e-10,0,0,0,0,0,0,0,2.70263141799985e-09,4.33821263228313e-09,-9.56835998219766e-10,1.28286827876428e-08,7.21388253260262e-09,-3.02654159814923e-09,-1.76653235455189e-07,3.24977570367091e-08,3.83834078215758e-07,-4.32102157214925e-07,0,4.75541694478884e-07,-2.81591104785148e-07,-1.52465784755537e-06,-1.75451017403104e-06,7.39056393556881e-08,2.47009368498778e-08,-8.20742680899725e-07,0,-1.6084942381562e-07,-1.55016667443863e-08,2.44123741314184e-08,4.57048765614242e-07,2.2956136584126e-09,3.27396314592792e-09,2.78266556836321e-09,1.86617909907116e-09,2.2860732561746e-09,9.31431135859402e-10,1.78793900266891e-09,1.51510061199044e-09,1.17151787452305e-09,2.79969995019201e-09,-2.24113871878775e-07,-2.01798263587361e-06,6.53783555108916e-07,0,1.65329123179369e-06,3.82857151564152e-07,0,-3.66098770548231e-07,-2.15952211496691e-06,0,1.05607381797329e-09,-8.75658060279454e-05,1.22574565770686e-05,0,-9.12082226498518e-06,-1.5309711886269e-06,-2.21551328778401e-07,0
"east_of_england","beta18",-9.31356586220211e-06,-1.06004816962585e-08,2.34053819471074e-07,-1.28149307184264e-07,-9.57196797626097e-09,1.29351650091744e-08,-3.03194741148892e-09,-4.17442186447703e-09,2.42372646820332e-08,8.08117187853739e-08,4.00046408696855e-09,9.22948422534165e-08,-3.39598100281549e-08,4.25223047114941e-07,-2.09915673900172e-07,1.69187831768659e-07,1.72386750471794e-07,-8.59577540178346e-08,1.75814483071832e-07,-3.45951769922771e-08,4.94370527336644e-08,3.70050328523256e-08,3.4418747526446e-08,1.62519775657358e-07,0,0,2.69547037023663e-08,0,0,0,0,0,0,0,-8.16669418947048e-09,1.73782613166292e-08,4.59560668315232e-09,-9.02304309948809e-09,-2.05060216034997e-09,2.49108915786746e-08,7.66890355081299e-07,-1.02854186295028e-06,4.73499810666856e-07,-3.15644249346691e-07,0,-7.4002284889666e-06,-2.23837529394715e-07,-8.91126750758239e-06,-1.3904521650852e-05,-8.41612992153543e-08,-3.16109080117083e-09,-1.29447417887018e-06,0,3.84420229348111e-07,1.33117919669716e-07,-5.23642894480085e-08,1.26307276972318e-06,4.17944676170641e-09,7.52372485786858e-09,5.33293791464305e-09,2.40769339332091e-09,7.44286898253481e-09,4.10629219031852e-09,3.78911424020646e-09,2.07400411306849e-09,2.82106857539402e-09,2.52885203663609e-09,2.17693917562981e-08,-7.76263468102686e-06,-3.52599005176416e-06,0,8.80099151934706e-06,1.20620054915837e-06,0,-2.96462748869273e-06,-7.4518662658685e-06,0,4.83881074285689e-09,-0.000144305215648843,-0.000127696860101392,0,2.04990106441741e-06,-2.61989268337094e-06,1.72716595675167e-06,0
"east_of_england","beta19",-8.82217668431875e-06,1.30028239052481e-07,-1.00430514434116e-07,6.53500600894157e-08,-1.76175710806508e-08,4.16854772186016e-09,-1.6864078995904e-08,-2.75471627720662e-08,3.0862737018996e-08,4.21745533958969e-08,9.96942264256391e-08,1.37965381926594e-08,8.45928247846655e-08,-2.09915673900172e-07,5.183213747681e-07,4.3214801489544e-08,-2.53592265589291e-07,2.19781025834276e-07,-9.27921452720606e-08,1.31008142904852e-07,3.62787459617491e-08,5.65240461847515e-08,7.27684637067984e-08,1.30612700948022e-08,0,0,-2.53425545807579e-08,0,0,0,0,0,0,0,1.91440093218612e-08,-8.75962105496899e-10,-2.28384845035565e-08,5.45230145008674e-08,-2.33761866408161e-08,6.65594517048115e-09,-5.62717486844675e-07,9.69904988669289e-07,1.63994510672338e-06,1.31903640908611e-06,0,-2.37718518657081e-06,-2.49950228081506e-07,-5.08921568389377e-06,-1.40073771628424e-06,4.33472769602815e-08,4.34060721518668e-07,-1.06757576086445e-06,0,-9.58065120082567e-07,-1.65899235917141e-07,3.44626569794418e-08,7.91668544963506e-07,2.2313261189729e-09,6.19848184692629e-09,2.00347103973973e-09,2.62698595371976e-09,1.21441880884735e-09,1.22319461016669e-09,1.62513403607434e-09,1.84855226568034e-09,1.95505782397701e-09,2.72710986096091e-09,-2.28925840784392e-06,-1.18456486110566e-05,-5.80377341702592e-08,0,4.54380556203273e-06,-5.33702740431675e-08,0,-1.57446860579941e-06,-1.51792604809087e-06,0,1.19419117714774e-09,-0.000126931055919246,0.00011523227005434,0,-1.89176902303128e-05,-2.05964638561145e-06,7.81497531592893e-08,0
"east_of_england","beta2",-0.000124915501237741,4.71558111303232e-06,6.89993821573073e-07,-7.89564503018651e-07,-7.2644105575304e-06,1.61102499042609e-07,-1.37483261182637e-07,8.5097668820322e-08,-1.57083802168547e-08,-6.98727784501777e-08,1.94928533984192e-10,3.21524881872346e-08,-7.31626212502183e-08,1.69187831768659e-07,4.3214801489544e-08,2.78652986553959e-05,-7.15281503884907e-08,-1.06291364692796e-08,1.11272651189217e-07,1.41743673325325e-07,1.01435600989923e-07,-6.69467660584254e-08,1.12970611608734e-07,-6.36702963419748e-07,0,0,-1.43931280662354e-06,0,0,0,0,0,0,0,6.59938138330138e-07,-5.02905347558853e-07,2.60248081294211e-07,-1.06605090129208e-08,-7.67894540494018e-08,-4.60158712719152e-08,4.14112407734697e-07,4.11264226076434e-06,1.23703026272077e-05,1.32316804150548e-05,0,-3.24308866844324e-05,-8.64241056262672e-06,-5.61801435426294e-06,-1.39909753209556e-05,-2.00282390002864e-06,3.43581665456314e-06,-2.31656916231929e-07,0,-1.67341935367627e-07,-5.10671514454012e-06,2.04079611532231e-07,-1.37414484967868e-05,9.96672358328914e-09,1.1854601584789e-08,1.30833522532463e-08,-5.23934002346478e-09,-3.19319849014264e-08,1.08282432544231e-08,8.75123604076795e-09,1.58195315607288e-08,5.27212674799533e-10,-2.84238673271121e-08,-7.73094825939411e-06,-0.000106793283280193,2.00929717704785e-05,0,4.35005362455017e-05,-7.76103132862445e-06,0,-2.31082086598635e-05,4.59718996925349e-05,0,-3.91761482981496e-09,-2.9740552671105e-06,-0.000190062216482705,0,-0.000852887078987104,3.85779993214653e-07,-1.84232843384607e-06,0
"east_of_england","beta20",-7.58526277363263e-06,7.8929544719545e-07,4.46248145704698e-07,-7.21674398355626e-08,-2.1434854239721e-08,1.48489938814492e-08,-1.05114810480794e-08,-8.77277965355457e-09,2.83174166056861e-08,4.71782891279311e-08,5.40620967168747e-08,5.02034463545132e-08,2.2265446426998e-08,1.72386750471794e-07,-2.53592265589291e-07,-7.15281503884907e-08,4.37239695786446e-07,-1.07495499469096e-07,4.05324699785404e-07,5.44728514104857e-08,1.12207019463341e-07,1.5355195978981e-07,1.22032116545316e-07,2.19956486817519e-07,0,0,3.18126914701049e-08,0,0,0,0,0,0,0,-9.41551253071377e-09,1.69599410990176e-09,3.53934678125816e-08,-5.09455839234804e-08,7.26786341476636e-08,-3.68982383281704e-08,5.07198354663214e-07,-4.24109875914553e-07,5.1555539681442e-07,-6.48814055191866e-07,0,-4.35415165441568e-06,-1.16867873922044e-06,1.07940185128129e-06,4.47851792886543e-07,2.48455648133244e-08,7.67715701050641e-08,-8.95033848559982e-07,0,2.62586184128702e-07,1.88513761457707e-07,-3.14636912398645e-08,3.49241620282352e-07,3.84966982073178e-09,5.75227046260782e-09,6.53824159893892e-09,2.2894396258589e-09,9.18252479935626e-09,4.20587306702552e-10,4.65078676984749e-09,2.49615749748005e-09,2.06986689298696e-09,5.66950102816945e-09,9.27513066371046e-07,-6.41349264389245e-06,3.00328895549512e-06,0,6.06617401643838e-06,-1.17632358876849e-06,0,-2.13598235313229e-06,8.0463107120988e-06,0,1.59816295892381e-09,-0.000114789663885001,-3.773311154056e-05,0,-6.50050373561242e-06,-2.20017456044283e-06,-3.57915796410289e-06,0
"east_of_england","beta21",-4.20394489420009e-06,4.55591083189039e-07,-3.02353363509479e-07,8.52152142142297e-08,6.05779705330634e-09,8.04414691556868e-09,-2.21370557004933e-08,-7.87446976668373e-09,2.54913503261169e-08,4.53958312673351e-08,5.67570933062626e-08,2.28692000817624e-08,5.1400690458028e-08,-8.59577540178346e-08,2.19781025834276e-07,-1.06291364692796e-08,-1.07495499469096e-07,5.26210577369427e-07,-3.16569763073896e-07,3.8969874285367e-07,1.1648407296581e-07,2.00443812730056e-07,1.86565055354332e-07,1.16328117087104e-07,0,0,-3.60150846844374e-08,0,0,0,0,0,0,0,2.55191413906017e-08,-2.22954313337605e-08,2.85448829239077e-08,8.52739632606407e-09,1.03510646990128e-08,-4.96709396210942e-09,-1.26629339161834e-06,-3.47375147549963e-07,-4.1542253928186e-07,-2.67135679757028e-07,0,1.29841166726534e-06,-5.55587961612863e-08,5.11475797411519e-06,3.33429320431527e-06,2.78625687330835e-07,-7.77663267776396e-08,-9.85253598686082e-07,0,3.07785312844893e-07,-9.08851810962993e-08,1.04719255868862e-07,5.58427481678456e-07,5.24952550699352e-10,4.47440189574672e-09,2.96221976574813e-09,2.52352569093499e-09,7.85927339605133e-10,-5.2058817557583e-10,6.94147634512195e-10,9.93448268873115e-10,1.01262757105789e-09,4.05217555097752e-10,-8.95156145791365e-07,2.42047317761251e-06,1.1195056993587e-06,0,1.91123891842745e-06,-7.76378902663041e-07,0,-8.61434220977593e-07,5.34586206449033e-06,0,-4.80508540562713e-09,-9.97840603663341e-05,-0.000220719222069218,0,-1.81746047768726e-05,-1.7003690367065e-06,-6.07243108225224e-06,0
"east_of_england","beta22",-1.8860109736052e-05,1.29923135095294e-06,1.81199662669666e-06,-2.1398415723774e-07,-8.20978363021879e-08,7.67540884874756e-09,6.58694040880816e-08,-8.65472870902268e-08,8.36765372701692e-08,2.30121428396449e-08,1.22831571868788e-07,5.86246951997898e-08,4.70305268429039e-08,1.75814483071832e-07,-9.27921452720606e-08,1.11272651189217e-07,4.05324699785404e-07,-3.16569763073896e-07,1.69788182476489e-06,-8.86744615032685e-07,3.02174829257008e-07,1.52035649099427e-07,2.17335936165978e-07,2.1144428815973e-07,0,0,7.51569455232663e-08,0,0,0,0,0,0,0,-3.72279460906161e-08,4.3731777563522e-08,-3.03184970867635e-08,-2.06201035965295e-08,6.71493588613941e-08,-3.86473028075971e-08,1.82535954239006e-06,1.64351358374944e-07,1.74361702559251e-06,-7.1082574747687e-07,0,-9.86511343279338e-06,-1.37435620502619e-06,-7.74753223493719e-06,-1.50343120213199e-05,1.33077993766214e-07,3.78795163011021e-07,-7.61323062761104e-07,0,-9.5580435839047e-07,7.05307676263241e-08,-1.38764389854486e-07,1.91885183476629e-06,6.00545802044977e-09,7.51621634720974e-09,8.37192943790979e-09,8.98110938361567e-10,3.0711706715273e-09,4.03410828440368e-09,9.20281815801878e-09,1.77393992158162e-09,4.42855401173358e-09,6.68309072099155e-09,1.19018670871549e-06,-1.88384248549324e-05,-1.01536460650329e-07,0,9.32784941383273e-06,2.5409636172088e-07,0,-3.09487765664266e-06,-4.86035030744335e-06,0,1.28091410288997e-08,-0.000161521158186963,-0.000183829504129576,0,-4.3365194867097e-06,-3.25073223373847e-06,-5.00372972418026e-06,0
"east_of_england","beta23",-1.61711359399117e-05,2.07316232713081e-07,-9.35317464768369e-07,3.66202622580561e-08,8.80803056793793e-09,4.4110894979623e-08,-1.34225615847922e-07,6.13518893974716e-08,-3.80162392433406e-09,9.17434467692649e-08,4.82752886332802e-08,3.55964637930542e-08,5.65557083133066e-08,-3.45951769922771e-08,1.31008142904852e-07,1.41743673325325e-07,5.44728514104857e-08,3.8969874285367e-07,-8.86744615032685e-07,1.75394778368552e-06,-2.6467594967436e-07,4.17456349649789e-07,6.22091435651725e-08,5.22436243896923e-07,0,0,-4.13926069826435e-08,0,0,0,0,0,0,0,3.25058858562003e-08,-1.28741322523635e-08,3.61858966749694e-08,-9.58991139099871e-09,2.73157887996536e-08,-1.81193383972453e-08,-9.62733625898137e-07,-6.50452690257654e-07,-7.03595214197978e-08,-3.79579655241796e-07,0,-8.97213060446371e-07,-4.80171461523119e-07,1.96354918663548e-07,-1.95964789822272e-06,2.31531964600727e-07,-1.27892610437203e-07,-1.7603742789877e-06,0,1.45088288797177e-07,4.51301814840435e-07,2.19537158532064e-08,2.87835616227364e-07,4.96222552484546e-09,1.0909530444401e-08,4.53474956983973e-09,5.97915070590413e-09,8.90831505178289e-09,2.85438071954673e-10,3.87052320393366e-09,5.26518003142323e-09,1.44822050749788e-09,5.45489833977113e-09,-2.30955781636033e-06,2.42484062026764e-06,1.91959716927149e-06,0,5.23768809780373e-06,-2.39041810867221e-07,0,-2.4604547092261e-06,4.72468429206181e-06,0,-6.55095979569043e-09,-0.000124452664236532,-0.000226612769741714,0,-1.18212245214052e-05,-1.94546639061285e-06,-6.06257643630603e-06,0
"east_of_england","beta24",-7.68123972216169e-06,8.5507790979689e-07,3.93711576018105e-07,-2.8657795510474e-08,-2.78278084029485e-08,1.16001780039275e-08,5.94146001566002e-10,-2.16981501574977e-08,2.51953490971819e-08,3.09107850007342e-08,6.29270572089956e-08,3.76473332889391e-08,3.57107036927768e-08,4.94370527336644e-08,3.62787459617491e-08,1.01435600989923e-07,1.12207019463341e-07,1.1648407296581e-07,3.02174829257008e-07,-2.6467594967436e-07,3.37897348572654e-07,-3.15825993480738e-08,2.67411325141441e-07,-1.74655370343031e-07,0,0,3.66464233790197e-09,0,0,0,0,0,0,0,2.60234811779611e-09,5.30219873821581e-09,-4.73037788702755e-09,1.16145195827845e-08,1.77089574424311e-08,-2.20906948175657e-08,4.17393656783603e-07,-3.71193216753484e-07,1.12629633309154e-06,3.40935573020163e-08,0,-4.84491738096333e-06,-9.93429727730658e-07,-2.16664779186701e-06,-8.7226914570927e-06,1.10950731095867e-07,2.56540424596905e-07,-9.13233119455982e-07,0,1.2411084426828e-07,-9.83557064211983e-08,1.01807710303451e-07,8.06575692926861e-07,1.31015047706763e-09,4.88198221320505e-09,5.36507648745191e-09,1.55779496677707e-09,4.51877505200194e-09,1.84833755424814e-09,3.36436535799345e-09,6.05428397768875e-10,2.2557441475162e-09,2.76763774634866e-09,1.09082764306318e-07,-1.07998914394822e-05,-8.32393781313692e-07,0,6.9146354905806e-06,9.54786749486291e-08,0,-3.13278888906211e-06,-1.99317699800634e-06,0,1.56344590781852e-09,-0.000117036927016049,-0.000131331238048927,0,-9.77894697019559e-06,-1.99068561946715e-06,-3.62529334153637e-06,0
"east_of_england","beta25",-1.00561311033937e-05,2.99911025200703e-07,1.40888721367793e-08,-2.63623902488197e-08,4.34989777048828e-09,1.30398210064784e-08,-8.49699308853385e-09,-2.1589224383688e-08,4.63422636710173e-08,5.8943909293896e-08,6.90566421863228e-08,4.21142780044389e-08,5.01480944528454e-08,3.70050328523256e-08,5.65240461847515e-08,-6.69467660584254e-08,1.5355195978981e-07,2.00443812730056e-07,1.52035649099427e-07,4.17456349649789e-07,-3.15825993480738e-08,4.08754903029626e-07,-3.38744976002557e-08,9.49752687904258e-07,0,0,2.35246034838001e-09,0,0,0,0,0,0,0,6.76030366349734e-09,-5.01644007828557e-10,2.24601228933811e-08,-1.042214859117e-08,3.99658034601099e-08,-1.79333709911554e-08,-3.17874507081945e-07,-4.02622104265441e-07,-6.81183263423305e-08,-7.36062962082411e-07,0,-2.31728924139979e-06,-3.31400603531728e-07,4.45271295029844e-08,-2.26664218334534e-06,1.01403736885714e-07,-9.61998485497298e-08,-1.34483259308783e-06,0,-3.1767802619216e-07,1.88881765317309e-07,-6.96890993130669e-08,8.9171163922409e-07,8.39225904946481e-09,1.28420580375408e-08,8.16855786546249e-09,5.43622747044585e-09,8.9576136196073e-09,2.5058301896507e-09,7.18743811607344e-09,5.45366225392135e-09,4.43433263270889e-09,6.56173154110129e-09,-5.25354431679447e-07,-1.32989621397891e-07,3.41969245971347e-07,0,2.66631477304483e-06,-4.74157143254732e-07,0,-9.75482221718147e-07,2.20599455132291e-06,0,-8.05853508962832e-11,-0.000122742048656989,-0.000219851864344461,0,-1.25963195104995e-05,-2.20129861989403e-06,-5.70953569086924e-06,0
"east_of_england","beta26",-1.58852298649256e-05,1.23470525068904e-06,1.54108805830648e-07,-2.09483552066307e-08,-1.86914195139951e-08,-1.14448056111055e-08,2.50347346135996e-08,-3.36275017725823e-08,4.23524826952059e-08,3.02505170773633e-08,8.89590511208218e-08,4.11878096092541e-08,5.61406507097713e-08,3.4418747526446e-08,7.27684637067984e-08,1.12970611608734e-07,1.22032116545316e-07,1.86565055354332e-07,2.17335936165978e-07,6.22091435651725e-08,2.67411325141441e-07,-3.38744976002557e-08,7.46105027759628e-07,-2.47900785602485e-06,0,0,9.84966291603928e-09,0,0,0,0,0,0,0,4.89868824561045e-09,-7.30231611049064e-09,3.20996586422155e-08,-1.69018267829096e-08,2.42171809491541e-08,2.72867839931934e-08,2.8745043995175e-08,-2.40354795084988e-07,1.24778998257718e-06,4.76667895685583e-07,0,-5.9798473020441e-06,-1.52474904759164e-06,-1.01316479322904e-06,-4.56346203974916e-06,1.51202610747669e-07,3.0574700433831e-07,-1.58940161274273e-06,0,4.54966829500665e-07,-5.78863829585011e-08,1.11124738753519e-07,3.79228739291607e-07,3.04818623500628e-09,6.85085869612114e-09,9.97425945265262e-09,4.50795876905429e-09,5.40153257936388e-09,3.17113545948392e-09,4.11698705104073e-09,2.12420527436902e-09,3.43470284265374e-09,3.89936988091042e-09,-4.69959860952107e-07,-1.43078382621261e-05,2.62172886404165e-06,0,9.64102147506462e-06,-9.06689667356655e-07,0,-4.19379018903048e-06,6.1061990556827e-06,0,8.83296496254022e-10,-0.00014361425692381,-0.000166689735715401,0,-1.00754667792835e-05,-2.38168162428147e-06,-4.68453713499101e-06,0
"east_of_england","beta27",5.56220078957066e-05,-1.96908224908359e-06,-5.32640120613559e-07,-1.0778256659736e-07,2.0700178798901e-07,2.7334473762211e-07,-3.23972168382914e-07,9.19464096180563e-08,4.32194766562153e-08,1.11296872809765e-07,3.08733738131944e-08,6.45382972227476e-08,5.4148043540992e-08,1.62519775657358e-07,1.30612700948022e-08,-6.36702963419748e-07,2.19956486817519e-07,1.16328117087104e-07,2.1144428815973e-07,5.22436243896923e-07,-1.74655370343031e-07,9.49752687904258e-07,-2.47900785602485e-06,2.14272894032151e-05,0,0,7.72923827491099e-09,0,0,0,0,0,0,0,4.13278012663434e-10,3.44621799980447e-08,-1.74337554400003e-08,2.72944744253286e-09,1.64393315994763e-07,-4.09074726752467e-07,-2.32203888821894e-06,1.04286857548748e-06,-3.2868223182946e-07,7.85324476006964e-07,0,1.25444188648878e-05,2.99336090901395e-06,-6.8758329806241e-06,9.97021187498876e-06,-2.41310705004831e-06,2.06384694968062e-07,-1.15086622798193e-06,0,-2.02341987704837e-06,1.78554776479075e-06,-8.96790328565668e-09,5.26083453404415e-06,1.53864303454617e-08,3.12267870211287e-08,-3.35268763268628e-09,1.20425524568467e-08,4.24319578382861e-08,5.24833764527085e-09,1.09401223960483e-08,1.28530341735359e-08,1.20592621120222e-09,1.06806279911656e-08,7.69652333831197e-06,1.24205869149284e-05,-6.20439473412007e-06,0,-1.88306663976663e-05,4.13977812496075e-06,0,9.5160627008127e-06,-3.89354901496853e-05,0,1.18803219460168e-08,-0.000133473484839993,-0.000391248975656766,0,1.97352784446722e-05,-2.92627000888445e-06,-6.00593882359618e-06,0
"east_of_england","beta28",0,0,0,0,0,0,0,0,0,0,0,0,0,0,0,0,0,0,0,0,0,0,0,0,0,0,0,0,0,0,0,0,0,0,0,0,0,0,0,0,0,0,0,0,0,0,0,0,0,0,0,0,0,0,0,0,0,0,0,0,0,0,0,0,0,0,0,0,0,0,0,0,0,0,0,0,0,0,0,0,0,0,0,0,0
"east_of_england","beta29",0,0,0,0,0,0,0,0,0,0,0,0,0,0,0,0,0,0,0,0,0,0,0,0,0,0,0,0,0,0,0,0,0,0,0,0,0,0,0,0,0,0,0,0,0,0,0,0,0,0,0,0,0,0,0,0,0,0,0,0,0,0,0,0,0,0,0,0,0,0,0,0,0,0,0,0,0,0,0,0,0,0,0,0,0
"east_of_england","beta3",-1.81511646656876e-06,-1.2885173863201e-06,1.04182268629224e-06,-1.20257430313581e-07,1.5865766274752e-07,2.0786840313796e-08,-1.07867392053011e-08,1.30433169035595e-08,-8.93822211324636e-09,-1.10876319772914e-09,9.18356428217584e-09,7.801669669465e-09,4.03972500629883e-10,2.69547037023663e-08,-2.53425545807579e-08,-1.43931280662354e-06,3.18126914701049e-08,-3.60150846844374e-08,7.51569455232663e-08,-4.13926069826435e-08,3.66464233790197e-09,2.35246034838001e-09,9.84966291603928e-09,7.72923827491099e-09,0,0,2.26024259772787e-07,0,0,0,0,0,0,0,-1.33499939680579e-07,1.2611457646033e-07,-9.06608864062911e-08,3.41943442695742e-08,-3.73942456494836e-08,1.21048932995887e-08,-3.24114044375706e-08,-8.11542391414224e-08,2.84086691625467e-08,1.10200168207694e-07,0,-1.78522561729645e-06,-8.73925647408802e-07,-2.66327198460631e-06,-2.37186320290866e-06,-1.71330265846659e-07,1.6905556547927e-08,3.91744175840454e-08,0,-4.62891886597405e-07,6.07048483729641e-07,-1.24961657082269e-07,3.82907058531273e-06,3.80380931719021e-10,1.49784632014049e-09,1.24138349213455e-10,-1.75929416449507e-10,1.63760261782976e-09,8.5286541898456e-10,-2.40473694224386e-10,-1.1673857592341e-09,6.30466143465062e-10,2.11857014894029e-09,6.15823354066843e-07,-3.83445029197141e-06,-2.01959205906691e-06,0,3.44752024264315e-06,-1.77041397756513e-07,0,-3.3999594821247e-07,1.03326562375836e-06,0,2.82699965101002e-09,-9.75690705335614e-06,9.18858182161827e-08,0,1.92692215855184e-05,-2.59201752371348e-07,1.90853513723242e-07,0
"east_of_england","beta30",0,0,0,0,0,0,0,0,0,0,0,0,0,0,0,0,0,0,0,0,0,0,0,0,0,0,0,0,0,0,0,0,0,0,0,0,0,0,0,0,0,0,0,0,0,0,0,0,0,0,0,0,0,0,0,0,0,0,0,0,0,0,0,0,0,0,0,0,0,0,0,0,0,0,0,0,0,0,0,0,0,0,0,0,0
