"region","name","alpha_admission","alpha_D","alpha_death_hosp","alpha_H","beta1","beta10","beta11","beta12","beta13","beta14","beta15","beta16","beta17","beta18","beta19","beta2","beta20","beta21","beta22","beta23","beta24","beta25","beta26","beta27","beta28","beta29","beta3","beta30","beta31","beta32","beta33","beta34","beta35","beta36","beta4","beta5","beta6","beta7","beta8","beta9","mu_D","mu_D_2","mu_D_3","mu_D_4","mu_D_5","mu_gamma_H","mu_gamma_H_2","mu_gamma_H_3","mu_gamma_H_4","p_G_D","p_G_D_2","p_H","p_H_2","p_H_D","p_ICU","p_ICU_2","p_ICU_D","p_NC_15_24","p_NC_25_49","p_NC_50_64","p_NC_65_79","p_NC_80_plus","p_NC_weekend_15_24","p_NC_weekend_25_49","p_NC_weekend_50_64","p_NC_weekend_65_79","p_NC_weekend_80_plus","p_W_D","rel_p_D_alpha","rel_p_D_delta","rel_p_D_omicron","rel_p_H_alpha","rel_p_H_delta","rel_p_H_omicron","rel_p_ICU_alpha","rel_p_ICU_delta","rel_p_ICU_omicron","rho_pillar2_tests","seed_date_alpha","seed_date_delta","seed_date_omicron","start_date","ta_alpha","ta_delta","ta_omicron"
"east_of_england","alpha_admission",2.34086495313697e-05,-8.50860463882281e-06,1.1709593941727e-06,-9.29939643295634e-07,-2.59935911451115e-08,3.79990640856934e-07,-3.06799616500144e-07,1.91168269336479e-07,-3.52149535523424e-07,2.32011476627871e-07,1.45321371969953e-07,-5.46738939025528e-09,-1.47297702532805e-08,-4.89587110101989e-08,-7.61875136848012e-10,1.42884970371116e-06,-5.77993877332496e-08,6.11030898188401e-08,-4.99714384601219e-07,1.37997355677385e-07,-1.21252820347388e-07,-6.22515576519437e-08,-5.85096453762775e-08,-3.72167353749313e-07,0,0,-1.72919633418468e-07,0,0,0,0,0,0,0,1.03729401758818e-07,-1.6864240628202e-07,2.52034521473607e-07,-1.67135668199287e-07,2.0762574426914e-07,-6.58528490094999e-07,-4.70930783291761e-06,-9.9142925742021e-06,-5.60991997028482e-07,5.41729985702357e-07,0,-1.33924037940207e-05,-2.0358339864348e-05,8.45123510661864e-06,-7.93995027784519e-05,7.13210065680618e-06,3.71269284291452e-07,8.93556611514541e-07,0,1.02474741638667e-05,1.98865817730498e-06,7.83593916132068e-09,-8.10945284939379e-06,-1.3552765270132e-08,-5.87261347719549e-08,-3.51793982003508e-08,-1.18652590617873e-08,-4.86357216023603e-08,-3.43381505957876e-08,-1.83570172520339e-08,-2.63420910980981e-08,-1.35908224719728e-08,-2.76305102894964e-08,6.68632622385671e-06,3.29963631194493e-05,-2.17194194596434e-05,0,8.0152556589053e-06,-6.89964115324914e-07,0,1.67626091890967e-05,-2.71635316363003e-05,0,-5.23663009300378e-08,-1.23851633685867e-05,0.000134761668756839,0,7.32397017202024e-05,-2.57013303481425e-06,1.55485961916085e-06,0
"east_of_england","alpha_D",-8.50860463882281e-06,0.0010978161888433,-2.60918356839946e-06,3.28066766952812e-06,3.95688410759551e-06,-1.98757882454175e-06,2.50764995566174e-07,4.18885428648091e-07,-1.08891644260953e-06,-7.93976127194839e-08,-6.47722681412209e-07,-8.9210181383591e-07,5.05076094618442e-07,-1.69147011799361e-06,-4.03131972179807e-07,-1.13332454542371e-05,6.3455748315205e-07,-9.37640773896545e-07,-1.5995852483751e-06,3.71211677981055e-07,7.04911943497607e-07,-1.2189871009288e-06,6.27467913398599e-07,-9.39522317569e-06,0,0,-1.34307754947034e-07,0,0,0,0,0,0,0,-6.83972837549967e-08,-3.12598754519878e-07,1.70461679978326e-07,-7.43317847907544e-07,-6.27855932425191e-07,2.88909983292126e-06,7.79035237086123e-05,3.7983967122436e-05,0.000100683342815696,-1.59530050181571e-05,0,-9.7519928029476e-05,8.78888122456104e-05,0.000199586433897578,0.000225492667501251,-6.58481072993625e-05,1.38661011426349e-06,9.3969082207408e-06,0,-3.75676867817258e-05,3.28303096618784e-05,8.28389997423601e-07,2.95961690304495e-05,5.04995123227473e-08,-6.7819931731482e-08,3.86184838491765e-08,-3.58539180270909e-08,-2.44573017112586e-07,-7.90290107851076e-08,5.70222035140183e-08,3.04284886051699e-08,-7.89593784680044e-09,8.59878198942678e-08,9.24658996413852e-05,-0.000489525917313189,0.000228280414955753,0,1.74124820071175e-05,-8.60579132071399e-05,0,-4.87076937529193e-05,0.00012231517184829,0,-7.44229025090354e-08,-0.000174059388834819,0.00121292042190824,0,0.000801170135451761,1.01608860780886e-05,-2.88398220976126e-06,0
"east_of_england","alpha_death_hosp",1.1709593941727e-06,-2.60918356839946e-06,2.61727862885603e-05,-1.58374986810554e-06,-7.49012850855956e-07,1.62731070385897e-07,-1.10502489754856e-07,-3.4467033048872e-08,-9.70659499145035e-08,4.96845006417366e-08,1.16598922574995e-07,-1.01260614738041e-08,-3.26991550991154e-08,2.90350509281795e-08,-4.30502974978455e-08,4.8041521887587e-07,-3.69686419228144e-09,-1.41043655650903e-07,1.61752170725385e-07,-5.66068092899216e-07,1.37372273361857e-08,-1.22371537095348e-07,-9.32901819110553e-08,-1.4811663707753e-06,0,0,3.51175393813379e-07,0,0,0,0,0,0,0,-2.39029405444588e-07,4.53591881185859e-08,2.72807369294437e-07,-3.34109386403566e-07,1.18643564739175e-07,-9.4118010908002e-08,1.3442879295697e-05,1.11643371638776e-05,-1.428838509413e-05,7.60758627777651e-06,0,3.52300687543642e-05,6.10246327016235e-06,-3.18006791903939e-05,-5.00328828913933e-05,4.4134253687778e-06,-2.62971092866955e-07,-7.82342482533101e-10,0,-1.79845867875905e-05,2.6841165472604e-06,8.73816666758802e-07,1.95211344160772e-05,-1.48820744844698e-08,-4.91875487206552e-08,-4.19910964187615e-08,-3.09797055371934e-08,-3.75999226641917e-08,-3.47205448824681e-08,-2.94994309865597e-08,-1.83340502475642e-08,-1.52977346830685e-08,-1.75708671758144e-08,1.11868744799127e-05,2.14675376068219e-05,-6.07797392981665e-06,0,4.72652188064363e-05,-2.17182702598085e-05,0,-9.74253931891987e-06,8.19281221899836e-06,0,2.18296759822895e-08,-4.30339487321748e-05,0.000197107878238186,0,-9.58980086042895e-05,-2.00987769607628e-06,2.59872011570721e-06,0
"east_of_england","alpha_H",-9.29939643295634e-07,3.28066766952812e-06,-1.58374986810554e-06,1.1082079042586e-05,3.50620255757897e-07,-1.1085537072769e-07,-9.8896820667776e-09,4.36016459384478e-08,1.22184843166816e-07,-1.8861048689381e-07,5.02880698465676e-09,1.06171503522576e-08,-2.85492974925822e-08,1.62607178466859e-07,-7.97829024399147e-09,-6.29103583059915e-06,-8.53989526039699e-08,6.03995390551951e-08,-1.1044503336722e-07,6.31034534045956e-08,-8.49298267822374e-09,5.0838267768979e-09,8.99607850732526e-08,-1.32672583935561e-07,0,0,1.56278607838298e-07,0,0,0,0,0,0,0,-2.43629875754683e-08,7.55119956328703e-09,-5.53126027911467e-08,2.76390618908067e-07,-2.85667457853039e-07,1.75064477497508e-07,2.21706902047588e-06,3.14090718086303e-06,-4.68215423248263e-06,-4.0054199003402e-06,0,8.42654707575935e-06,6.32948482967653e-06,3.56605510924462e-06,9.30731428503339e-06,-1.22921991708399e-06,-1.58051247045956e-06,1.56092314091256e-06,0,-2.4786303425234e-06,-3.54932232972136e-06,-5.4938746256303e-07,-1.30132243280979e-05,-9.08846860577309e-09,-2.24658074803092e-08,-1.21791293090502e-08,-1.68341317879693e-09,4.43385154128258e-10,-2.76843994537701e-09,-1.14688948366763e-08,3.19112056244309e-10,2.24281841371679e-09,6.96897277782854e-09,6.25749062683296e-06,2.37641459162873e-05,-4.11974820019463e-07,0,-7.75621969073135e-06,2.2008165744907e-06,0,-7.08917740353108e-06,7.54501120680586e-06,0,-1.47627658437005e-08,6.75037834092568e-05,-0.000218577525160346,0,-0.000248848069013615,9.19880824008481e-07,-1.14446276032773e-06,0
"east_of_england","beta1",-2.59935911451115e-08,3.95688410759551e-06,-7.49012850855956e-07,3.50620255757897e-07,6.26565036087285e-06,-1.19756948678553e-07,2.11158216827064e-07,-2.59742395935634e-08,1.09411104192872e-08,3.05392296790501e-08,1.83523120922488e-08,-1.59227714135815e-08,8.24209870077221e-09,-1.24656255861737e-08,-2.48947355970282e-09,-5.05896025716096e-06,2.881356368107e-08,1.26846113236333e-07,8.48424659207802e-08,1.85060493757848e-09,1.00557670783754e-07,1.80407704608547e-08,1.06330089657866e-07,-5.86265746083758e-08,0,0,1.37260795346359e-07,0,0,0,0,0,0,0,-4.47483909769096e-08,-4.89707926957329e-09,1.26082842850912e-07,-5.19152249036511e-08,-6.34275718239424e-08,1.66532699745364e-07,1.10105742834227e-06,4.39560251274091e-06,4.35676047689425e-06,1.239196229677e-05,0,2.65545116598469e-06,-1.22392017754867e-05,4.16285960024418e-05,0.000170943336684673,-2.07590075351294e-06,8.33329068400907e-07,-2.08247665479059e-06,0,-1.97984501881045e-06,-1.92404231029813e-07,3.80704777028334e-07,-4.16616477642549e-07,-1.09682373308413e-08,-1.12695039203188e-08,1.60469346542831e-09,-4.08184295637883e-09,-3.32507558385285e-09,-8.94566581661882e-09,-3.7922926012095e-09,-1.33150623962751e-09,-8.16845945531553e-10,-3.56775804911544e-09,5.7882145869247e-06,-1.73233242244963e-05,6.76433756080349e-06,0,7.62031228767016e-06,2.37283946127735e-06,0,-2.22835791268369e-07,-6.45400141482858e-06,0,-1.44578377100569e-08,5.22068790075808e-05,-0.000110151213013502,0,0.00136604807614636,4.808786693168e-07,-3.43730983307653e-06,0
"east_of_england","beta10",3.79990640856934e-07,-1.98757882454175e-06,1.62731070385897e-07,-1.1085537072769e-07,-1.19756948678553e-07,6.6287366824587e-07,-6.64619955109649e-07,1.40182805331661e-07,-3.49168204028748e-08,7.34449746453488e-09,-2.96784066100136e-08,-6.81284323944172e-09,-1.50141312744106e-08,-5.19628377219861e-09,-3.9922439318247e-08,1.0000845713094e-07,-3.6157939570944e-09,-3.25956828462148e-08,2.65821987702462e-08,-7.96171936558051e-08,6.51675568518455e-09,-3.38861739029032e-08,-1.7533795371675e-08,7.77187282221415e-08,0,0,-2.09700479709421e-09,0,0,0,0,0,0,0,4.38015848599058e-09,-1.43181776678939e-08,4.02902135123651e-08,-1.07471960051866e-07,3.90816317939773e-07,-7.42401483936923e-07,-9.62263904905184e-07,5.17103420795254e-07,-1.12420308333821e-06,-1.79507651267664e-06,0,2.99854038683558e-06,4.39048242531278e-06,-2.08261418642726e-06,-1.12735660482088e-05,-5.37979452037713e-08,-3.65688844574881e-09,8.09279385736506e-08,0,-2.87793517762427e-08,2.74227602708344e-07,-1.71986772590331e-07,7.00984431720465e-07,2.15279211412438e-09,-2.64610350646913e-09,-1.86870351990529e-09,1.19918641546655e-09,1.42617278966368e-09,-4.33501759370903e-10,3.19705158009159e-09,-1.05474274608708e-09,-7.33625473440168e-10,-7.86466112733125e-11,-5.31267827447089e-07,1.40973170070879e-06,2.63684152477443e-07,0,7.22665089176205e-07,-3.53564033391698e-07,0,1.30975804269187e-06,-1.75261354937325e-07,0,4.25854309215163e-10,4.05992424811275e-05,-1.94738673352779e-05,0,-2.6282761165417e-05,7.44315031676039e-07,1.4784838786371e-08,0
"east_of_england","beta11",-3.06799616500144e-07,2.50764995566174e-07,-1.10502489754856e-07,-9.8896820667776e-09,2.11158216827064e-07,-6.64619955109649e-07,1.22081077159146e-06,-4.63517078293939e-07,1.587035508418e-07,-5.74399906807111e-08,5.45601311552924e-08,9.39673566966067e-09,1.45532527799556e-08,2.49254804546151e-08,1.01400116216862e-08,1.344937217108e-08,3.907338230632e-08,3.85559854034301e-08,-1.13592350423522e-08,9.84147994059182e-08,9.15426221012108e-09,5.05329134645744e-08,4.73198486374278e-08,8.04546974156428e-09,0,0,2.5873032409265e-09,0,0,0,0,0,0,0,-6.40908333536237e-09,1.9072292915744e-08,-3.84271586507057e-08,1.15729944110184e-07,-2.99921947874598e-07,5.80017445040066e-07,1.96970230621901e-06,-1.47337965888868e-07,5.21934434057638e-07,-2.43932251353236e-07,0,-4.22636765165282e-06,-2.10762531428905e-06,6.6650779353969e-06,1.13243117061886e-05,2.88444617418947e-07,-2.232194597015e-07,-1.30781768516686e-06,0,-8.19686783572952e-07,-7.41515613097107e-07,4.425130976541e-07,7.05490962777196e-10,3.99196383717708e-10,7.36857856996392e-09,5.96488252194885e-09,9.3250655860712e-10,2.32028274965297e-09,1.21422023817557e-09,-1.98482259968656e-09,6.86849880219478e-10,2.15853660631936e-09,3.43734152492168e-09,7.06554989531697e-07,3.37997921847341e-06,1.96450164672776e-06,0,2.13210341471737e-06,3.86431353486557e-07,0,-3.43863154689346e-06,1.73812911585038e-06,0,-3.96267160064127e-09,5.82470942680148e-05,-1.73908267564102e-05,0,4.12889286683604e-05,-4.3984388514738e-07,-6.74634986785721e-07,0
"east_of_england","beta12",1.91168269336479e-07,4.18885428648091e-07,-3.4467033048872e-08,4.36016459384478e-08,-2.59742395935634e-08,1.40182805331661e-07,-4.63517078293939e-07,4.57133241684696e-07,-2.74214427204045e-07,1.74949573549354e-07,-8.76764665899176e-08,-1.27949419495212e-08,-1.32474700341558e-08,-3.23845871433761e-08,-9.70509082271871e-09,-5.30694316738761e-09,-4.9551513854625e-08,-1.0517330660898e-08,-9.80891400000887e-08,2.15326717690989e-08,-2.87346429673605e-08,-4.01178017686966e-08,-2.76936226666267e-08,-1.28990960625448e-07,0,0,-1.06277976979418e-08,0,0,0,0,0,0,0,1.29822022016475e-08,-6.00912138602954e-09,1.55844118907516e-09,-2.75063851106421e-08,9.17159153898365e-08,-1.21914014547026e-07,-3.75502075408968e-07,4.88365253322207e-07,-1.73524299110391e-09,6.06263887465202e-07,0,1.32048591315851e-06,8.47809557171008e-07,2.55365365439902e-06,3.30239540459774e-06,5.97073610827506e-08,-6.5786128071396e-09,-1.31039954812659e-07,0,-3.82837464356217e-08,2.85144206382066e-08,-9.94856576940782e-09,-1.22116821124557e-06,3.30669993216401e-10,-2.63262439977057e-09,4.55595277229268e-11,9.60141521417424e-10,-9.34038808517888e-10,5.82822768461824e-10,7.54163502135802e-10,-5.99699920145916e-10,-2.34925588043726e-10,-8.73626347653429e-10,6.48557007780575e-08,-1.30023290469881e-06,-4.44639301931881e-07,0,-3.14572946140394e-08,2.20126958788202e-07,0,7.1062028159625e-07,-1.40201526184563e-06,0,1.99452180307473e-09,4.03343031779455e-05,2.9362283257512e-06,0,-1.15617064882082e-05,1.05624736346333e-06,5.07163461429293e-07,0
"east_of_england","beta13",-3.52149535523424e-07,-1.08891644260953e-06,-9.70659499145035e-08,1.22184843166816e-07,1.09411104192872e-08,-3.49168204028748e-08,1.587035508418e-07,-2.74214427204045e-07,2.90975123339681e-07,-2.25741475744061e-07,1.3523213655369e-07,2.18862966968157e-08,2.57486195445343e-08,4.06069980900269e-08,3.36945437889501e-08,-4.11650574364183e-09,4.7922049223365e-08,1.61002065907734e-08,1.16521801442822e-07,-1.93913129230734e-08,3.56427896626382e-08,5.35201219466699e-08,2.59853527220981e-08,1.61261740519583e-07,0,0,-2.77479605904303e-09,0,0,0,0,0,0,0,2.86721458708726e-09,-7.67569527223869e-09,1.30515859047243e-08,1.76972692458982e-08,-3.94599113196031e-08,4.81424189551489e-08,1.70060265914583e-07,6.7360566016308e-07,5.44809215702741e-07,3.35264200164252e-07,0,1.16253410542123e-06,-6.31364366815094e-07,-9.60024195146355e-06,-8.81102141371532e-06,-2.20406166030915e-07,2.20648197427115e-07,-3.53328226694638e-07,0,-3.40736988511727e-07,-2.49722661799053e-07,8.23813357790163e-08,1.04049193880063e-06,1.15579533011162e-09,4.65931819343399e-09,3.55828304817533e-09,-2.41440421483594e-10,3.15902605755726e-09,1.34183304330329e-09,1.50962264131718e-09,1.87595755389862e-09,2.38696375023742e-10,1.95359588458575e-09,-4.48614588425033e-07,-2.50634803681632e-06,-5.18046539560403e-07,0,8.43205611117181e-07,1.30503360234254e-07,0,-1.36433385384209e-06,7.77671620690933e-07,0,1.01535800264936e-09,-4.05517209286941e-05,3.64426064593373e-06,0,-2.81366829788212e-06,-1.33283905377763e-06,-2.24855758835987e-07,0
"east_of_england","beta14",2.32011476627871e-07,-7.93976127194839e-08,4.96845006417366e-08,-1.8861048689381e-07,3.05392296790501e-08,7.34449746453488e-09,-5.74399906807111e-08,1.74949573549354e-07,-2.25741475744061e-07,5.17113175463314e-07,-2.24772818005814e-07,5.2354708820766e-08,2.26436555592507e-08,5.87533475124416e-08,5.05656965023447e-08,8.51479427916076e-08,3.0863855190768e-08,6.43924177394549e-08,-8.2734785202717e-09,1.04061992314166e-07,3.75926143659069e-08,4.89482692357742e-08,6.7112534581731e-08,1.38615267219004e-08,0,0,-1.85741704175835e-09,0,0,0,0,0,0,0,5.77660231349277e-09,1.05508292102891e-08,2.24625943341895e-10,-1.73522922091188e-08,2.71132776918886e-08,-5.12659078124624e-09,-5.24904133076354e-07,-4.88126569464708e-07,-3.31387075222435e-06,-2.9670336198088e-06,0,2.8038803177695e-06,3.17877122516315e-06,5.37120856097342e-06,1.11235410771923e-05,1.11879656749721e-07,-6.12676710855287e-07,-6.8772702748815e-07,0,-1.21554696842868e-07,1.95916345235978e-08,-3.58358420038347e-08,-1.34413172898609e-07,1.28603753517978e-10,-1.79682542455448e-10,2.63391755853606e-09,9.10291208925063e-10,5.88241208498318e-09,9.90101693493992e-10,2.34574636647134e-09,2.45307261396527e-09,1.3614252751082e-09,4.43489055511138e-09,1.54964150437879e-06,1.17487660932743e-05,1.51561968430406e-06,0,1.67614178126758e-06,-2.65412519701833e-07,0,8.68598005565055e-07,-6.04063712131562e-07,0,2.66749879402534e-09,-8.95097409573685e-05,-1.89819149156139e-05,0,5.51880177455368e-06,-1.89499108947554e-06,-4.52379504231621e-08,0
"east_of_england","beta15",1.45321371969953e-07,-6.47722681412209e-07,1.16598922574995e-07,5.02880698465676e-09,1.83523120922488e-08,-2.96784066100136e-08,5.45601311552924e-08,-8.76764665899176e-08,1.3523213655369e-07,-2.24772818005814e-07,4.49023205655432e-07,-3.83010819462757e-11,8.67491111247824e-08,1.88936535817295e-08,8.33884323971405e-08,-9.14786634471682e-08,7.86502880486654e-08,8.0800835610357e-08,1.24480474295226e-07,1.03447394414708e-07,6.52971562450481e-08,1.09321600759438e-07,7.60198459339449e-08,1.43735157810456e-07,0,0,8.58081372130170e-09,0,0,0,0,0,0,0,1.45788792001223e-09,-1.59990990736263e-08,1.14442898879674e-08,2.79662223150709e-08,-2.70181096400119e-08,4.6145633272911e-08,1.70415168968919e-07,2.07946603191496e-07,2.64977213047689e-06,1.76637310243159e-06,0,-7.54268093905864e-06,-6.37426473226413e-07,-1.57257311283128e-06,-6.69060145526656e-06,-1.56638939951898e-07,4.83477490991325e-07,-7.40367406095593e-07,0,-2.41062639322715e-07,-2.48325231584801e-07,2.42355873918663e-08,-1.15573904230683e-06,-8.69508835691096e-10,1.69494056378525e-09,7.68593244223008e-09,5.05575218006853e-10,2.56976976339059e-09,2.3512925368699e-09,8.34557274736913e-10,5.44118575036735e-11,-2.35894371493256e-10,-1.02292989749267e-09,2.0030137944589e-07,-7.98581495062479e-06,-5.42263912955455e-08,0,2.69322579217032e-06,3.57302252169319e-07,0,-5.15102358083553e-07,-4.98432196195374e-07,0,-5.46139981158355e-09,-0.000138889068671658,-1.59067288145687e-05,0,-6.66666362579825e-06,-2.86360932303817e-06,-1.02142550518871e-06,0
"east_of_england","beta16",-5.46738939025528e-09,-8.9210181383591e-07,-1.01260614738041e-08,1.06171503522576e-08,-1.59227714135815e-08,-6.81284323944172e-09,9.39673566966067e-09,-1.27949419495212e-08,2.18862966968157e-08,5.2354708820766e-08,-3.83010819462757e-11,4.98392730916936e-08,5.43581445771552e-09,7.65173199454492e-08,2.93987807041061e-08,6.94291187390545e-08,4.46644510781751e-08,3.37931127628583e-08,4.13012493475755e-08,5.1449101778658e-08,3.1228835222982e-08,4.66313381085681e-08,4.34898590157945e-08,5.48371979540278e-08,0,0,-4.75855440294532e-09,0,0,0,0,0,0,0,5.10884961781844e-09,-1.58555292606796e-09,8.14935460870957e-09,3.63913917760919e-10,-1.86886290826566e-09,1.82391207032688e-08,2.73536706298893e-08,1.69424955769319e-07,-7.22367680001689e-08,6.09218520706765e-07,0,-2.97899448727599e-08,-2.43476129580673e-06,-2.45227133136022e-06,2.55478253001529e-06,-2.9678934592106e-08,5.33047595658967e-08,-5.40056727402361e-07,0,-1.68774267957873e-07,-6.35799116997213e-08,1.9963853128321e-08,4.56774297513634e-08,3.86684764565746e-10,2.15931903078806e-09,3.12041504266561e-09,7.68143072811424e-10,3.29357689560572e-09,6.72838569702081e-10,1.21547872367151e-09,1.01511073094196e-09,1.29055574194435e-10,1.87383047511912e-09,3.68456830794884e-07,1.87321814496572e-07,-5.32463200865688e-07,0,1.50560613413018e-06,-3.67386126230141e-07,0,-1.65377764174542e-07,1.871303874834e-07,0,1.43207702024e-10,-8.48860878186382e-05,-6.50199851230242e-07,0,-7.28548471486381e-06,-1.61955534916047e-06,5.80448059494461e-09,0
"east_of_england","beta17",-1.47297702532805e-08,5.05076094618442e-07,-3.26991550991154e-08,-2.85492974925822e-08,8.24209870077221e-09,-1.50141312744106e-08,1.45532527799556e-08,-1.32474700341558e-08,2.57486195445343e-08,2.26436555592507e-08,8.67491111247824e-08,5.43581445771552e-09,6.5087276199373e-08,-3.66164186659027e-08,6.77467759419751e-08,8.23453467591295e-09,3.32013510617955e-08,4.87613682889521e-08,5.6456600710946e-08,5.85183485038524e-08,3.28223665108954e-08,6.14554802767617e-08,4.17548571677926e-08,9.06815637922315e-08,0,0,-2.73970980637304e-09,0,0,0,0,0,0,0,5.89568434935393e-09,-3.56856140907271e-09,1.00313054486435e-08,-8.38744821329443e-10,5.35753299132631e-09,1.94747433444937e-08,6.49599869454381e-08,2.18057988164689e-07,4.70113277520645e-07,-4.62513233220187e-07,0,-1.49029437299449e-07,-4.43767165879711e-08,-4.93469826184036e-07,5.09209172754982e-07,-7.49656784222841e-08,1.10830357115294e-07,-6.62522153622055e-07,0,-1.8353796674775e-07,-8.69418593899005e-08,2.23684579662883e-08,-1.10058079607772e-07,1.09575919767469e-09,3.34347926981516e-09,5.33226625506338e-09,1.26215029132379e-09,3.25060671865032e-09,1.54978256048939e-09,2.50932277100626e-09,1.33844497760434e-09,7.41519781082593e-10,2.27050314100604e-09,-5.17099167748181e-08,-1.88131232816054e-06,1.21494260363686e-06,0,1.27297276085274e-06,2.77058210949422e-07,0,-4.91180062549347e-07,1.37127180138882e-07,0,-7.6277525204169e-12,-8.38241370436921e-05,5.48629707699902e-06,0,-3.6310406603897e-06,-1.51002720218133e-06,-3.64793229892475e-07,0
"east_of_england","beta18",-4.89587110101989e-08,-1.69147011799361e-06,2.90350509281795e-08,1.62607178466859e-07,-1.24656255861737e-08,-5.19628377219861e-09,2.49254804546151e-08,-3.23845871433761e-08,4.06069980900269e-08,5.87533475124416e-08,1.88936535817295e-08,7.65173199454492e-08,-3.66164186659027e-08,3.68881948579418e-07,-1.9103128009573e-07,-3.44514452660136e-09,1.34373768429579e-07,-6.00107041422971e-09,8.5764195201566e-08,1.94608486297036e-08,4.85930718342774e-08,3.66724936143261e-08,7.16851970109219e-08,-9.78540753719305e-09,0,0,1.96670636707905e-09,0,0,0,0,0,0,0,1.75544576804476e-09,-3.04716635653123e-09,-3.40922785863704e-09,2.86760223459464e-08,-2.43777483290426e-08,2.25299064734047e-08,1.36495038716306e-07,-2.06318925418463e-08,-6.01976385138106e-07,6.57540151443918e-07,0,-8.64706465567569e-07,-5.17870435436915e-09,-1.22995244790221e-05,-3.10683493055642e-06,-1.88523105707857e-07,6.79227806673201e-08,-5.4128039866187e-07,0,-3.15800746209017e-08,-1.05433778287515e-07,5.22729160421468e-10,2.18266620237048e-07,1.8748215715075e-09,2.24746240793562e-09,4.60820580693064e-09,2.23303254521692e-09,4.70748735695762e-09,2.15163603241865e-09,2.53830788555281e-09,2.46958402457832e-09,1.33804789498522e-09,3.61168975677513e-09,8.49545540436439e-07,1.26648798920665e-06,-9.43347562229565e-07,0,1.24314094233917e-06,-9.77094207747209e-07,0,1.87583668484439e-07,1.01724659240219e-06,0,2.36029967726727e-09,-0.000106895076919084,-0.000135368462598062,0,-1.03244059121314e-05,-2.16279091799444e-06,5.67514302867052e-07,0
"east_of_england","beta19",-7.61875136848012e-10,-4.03131972179807e-07,-4.30502974978455e-08,-7.97829024399147e-09,-2.48947355970282e-09,-3.9922439318247e-08,1.01400116216862e-08,-9.70509082271871e-09,3.36945437889501e-08,5.05656965023447e-08,8.33884323971405e-08,2.93987807041061e-08,6.77467759419751e-08,-1.9103128009573e-07,5.4444595871038e-07,3.39680624119682e-08,-2.32973170830201e-07,1.58411785417222e-07,-9.00199885984446e-08,7.5973811028333e-08,-3.55285487223912e-10,5.03474086787117e-08,-1.72949372453329e-09,1.54717087884141e-07,0,0,-9.70910366395567e-09,0,0,0,0,0,0,0,1.51212773967301e-08,-8.96564133292456e-10,1.30327337231709e-08,-2.41658471972261e-08,1.64822781997142e-08,5.16572765379107e-08,8.5610948085586e-08,-1.45607538992379e-07,4.42876360722228e-07,9.69709613217048e-07,0,1.40536496429111e-06,-2.19210854384861e-06,6.52575218569939e-06,1.07918768745231e-05,2.73176461358066e-08,1.19187450793006e-07,-8.11999099271127e-07,0,5.90681480697402e-08,-3.20983697285191e-07,-5.53526998935832e-08,-1.24783780772582e-06,6.96924065883759e-10,7.0606848870527e-09,6.095898055912e-09,-5.66536325044557e-10,2.85359526317438e-09,1.93548013675406e-09,2.02785351498197e-09,2.07613620974160e-09,6.1428049046556e-10,2.00421771544818e-09,1.10456402237727e-07,-1.76026463905433e-06,-2.0484862980172e-07,0,1.92010566349042e-06,1.83831270295528e-07,0,8.38638189388447e-07,-2.12927172963165e-06,0,1.07774496957201e-09,-0.000135634667715533,0.000246490320698711,0,-7.43060232566449e-06,-2.37803833535634e-06,1.73337348529971e-06,0
"east_of_england","beta2",1.42884970371116e-06,-1.13332454542371e-05,4.8041521887587e-07,-6.29103583059915e-06,-5.05896025716096e-06,1.0000845713094e-07,1.344937217108e-08,-5.30694316738761e-09,-4.11650574364183e-09,8.51479427916076e-08,-9.14786634471682e-08,6.94291187390545e-08,8.23453467591295e-09,-3.44514452660136e-09,3.39680624119682e-08,2.07882162928736e-05,1.74602466999755e-08,-2.31991075693395e-07,-3.01288077056607e-07,1.48165866653537e-07,-2.29111103382206e-07,-6.88870194796199e-08,-2.31949777472162e-07,-2.98768205270037e-07,0,0,-1.34706975803826e-06,0,0,0,0,0,0,0,5.76737230871464e-07,-4.47374635113436e-07,3.15949813776821e-07,-3.05837274336582e-07,2.69818695654815e-07,-8.31221158918148e-08,-5.63566101966466e-06,-7.08488037605771e-07,5.45833364759793e-06,8.99815422860594e-07,0,-8.33142192403698e-06,4.08398731097498e-06,-9.01959219236621e-05,-0.000133458442981111,1.60620911056791e-06,9.2929898860448e-07,1.97332029500967e-06,0,-4.0988689818506e-06,-4.63931753681919e-06,2.30932672749619e-07,-1.99794112422859e-06,8.38771162673523e-09,-9.16583954787017e-09,2.99739701720883e-09,-2.92017582556017e-09,-1.08236062983764e-08,-2.50963733919709e-09,1.21554620456602e-08,-7.4890654275654e-09,-5.97644890603578e-09,6.57417782497639e-09,-1.26293086281919e-05,2.31379231552105e-06,-9.8835257924316e-06,0,-1.29800177408167e-06,-2.9050987391584e-06,0,7.89170955271826e-06,-8.01890708440322e-06,0,1.42514141825852e-08,-8.02175481922359e-05,0.000458789555591671,0,-0.000471679376045739,-2.09075516172734e-06,8.35084913054283e-06,0
"east_of_england","beta20",-5.77993877332496e-08,6.3455748315205e-07,-3.69686419228144e-09,-8.53989526039699e-08,2.881356368107e-08,-3.6157939570944e-09,3.907338230632e-08,-4.9551513854625e-08,4.7922049223365e-08,3.0863855190768e-08,7.86502880486654e-08,4.46644510781751e-08,3.32013510617955e-08,1.34373768429579e-07,-2.32973170830201e-07,1.74602466999755e-08,4.67403812280234e-07,-5.14523975519728e-08,4.50491672077571e-07,1.5165724487436e-07,1.75869981683156e-07,2.08473326809177e-07,2.08785847250201e-07,2.24380120754978e-07,0,0,1.95640753173767e-08,0,0,0,0,0,0,0,-1.41140537372916e-08,1.23943467660795e-08,1.39902035246431e-10,2.38215787398851e-08,-2.92201588057664e-08,2.8288152897043e-08,-3.71362015286948e-07,-4.94987868104587e-08,3.84893390256147e-07,7.87027049077434e-07,0,-2.91446246852457e-06,-2.22320285640972e-06,-2.04953457224575e-06,-1.77248081547292e-06,-2.60813803442379e-07,1.35614639065468e-07,-7.8573816233797e-07,0,-3.17033309927279e-07,-7.85692827424015e-08,-3.03118224706852e-08,-5.72898901524246e-08,2.22537781752581e-09,4.77002700843191e-09,7.2696245268593e-09,3.72035616830878e-09,7.11411171546324e-09,2.21630287083749e-09,1.34119579588751e-09,1.89668737688258e-09,5.79418466972752e-11,3.68533916385944e-09,9.79769438837338e-07,-2.97091446091099e-06,5.05070810188968e-07,0,2.00945793574052e-06,-1.47034395252822e-06,0,-9.25178324380205e-07,2.60999761702525e-06,0,2.32782604266491e-09,-0.000119197665900972,-0.000166836544889771,0,4.34483635020573e-06,-2.16488563954311e-06,-6.51957969656703e-06,0
"east_of_england","beta21",6.11030898188401e-08,-9.37640773896545e-07,-1.41043655650903e-07,6.03995390551951e-08,1.26846113236333e-07,-3.25956828462148e-08,3.85559854034301e-08,-1.0517330660898e-08,1.61002065907734e-08,6.43924177394549e-08,8.0800835610357e-08,3.37931127628583e-08,4.87613682889521e-08,-6.00107041422971e-09,1.58411785417222e-07,-2.31991075693395e-07,-5.14523975519728e-08,5.56121572258766e-07,-2.36027946089095e-07,3.67841447835644e-07,1.54560735189115e-07,2.49997967368479e-07,1.73199408897091e-07,5.92378752115148e-07,0,0,1.39201461495048e-08,0,0,0,0,0,0,0,-4.82084581906217e-10,1.25278430801907e-08,-4.76780414919549e-09,1.20016886199116e-08,-2.54943017032519e-08,4.91597956756409e-08,2.17034789562135e-07,2.49603783284959e-07,1.73822944340912e-06,7.24645731293504e-07,0,-4.80544821038804e-06,-1.98324590355648e-06,9.49965296367071e-06,1.98034554932976e-05,-3.95754820394077e-09,2.93980731924166e-07,-6.90289876885302e-07,0,-7.47135663452244e-08,7.37032909137039e-08,6.08037464590154e-08,4.28965758870328e-07,2.55368998209459e-09,3.25662937903735e-09,5.7639711630528e-09,4.16290842441128e-09,6.97230741049521e-09,9.49437464197739e-10,3.74112285139744e-09,1.12896072855279e-09,1.28504486193369e-09,1.76084818622666e-09,5.35001966987151e-08,-4.47651875719259e-06,2.47751982986361e-06,0,-5.62134060826213e-08,5.73083961082841e-07,0,5.91173075824184e-07,-9.57403721222012e-07,0,-6.95434144229326e-09,-0.000108422848882768,-0.000266637500782404,0,1.54766757963675e-05,-2.10910568644214e-06,-7.26615572142817e-06,0
"east_of_england","beta22",-4.99714384601219e-07,-1.5995852483751e-06,1.61752170725385e-07,-1.1044503336722e-07,8.48424659207802e-08,2.65821987702462e-08,-1.13592350423522e-08,-9.80891400000887e-08,1.16521801442822e-07,-8.2734785202717e-09,1.24480474295226e-07,4.13012493475755e-08,5.6456600710946e-08,8.5764195201566e-08,-9.00199885984446e-08,-3.01288077056607e-07,4.50491672077571e-07,-2.36027946089095e-07,1.65359729992321e-06,-6.18378325244343e-07,3.23475822868955e-07,2.54089661799837e-07,3.0877532079241e-07,7.6428326506312e-08,0,0,6.5180298711926e-08,0,0,0,0,0,0,0,-4.03957285708529e-08,3.23100687887044e-08,-1.5165794535105e-08,5.54716379386969e-08,-7.84835427345627e-08,3.2909869261139e-08,-7.39082720401025e-07,-1.81205494513904e-07,-7.29455516187925e-07,2.78453468834992e-06,0,-1.20154536630488e-08,-5.01406709166276e-07,-6.90256398373934e-06,1.30658688022931e-05,-1.7384425091263e-07,2.00257302120314e-07,-5.79001932481263e-07,0,-4.17853194815695e-07,-9.77797182140407e-08,-3.75240306391789e-07,9.95000500597497e-07,3.6393849695967e-09,5.41345004109127e-09,8.01245202983248e-09,3.84827703464984e-09,-1.23985568562947e-09,6.1898675089599e-09,1.12593698769407e-09,2.46538776556844e-10,2.65481811647345e-09,5.4544074536542e-09,9.48266184686358e-07,-2.40709245909572e-06,-2.04261548508049e-06,0,1.45304953183033e-06,-1.88528015834754e-06,0,1.51366008666916e-07,5.64467285391739e-06,0,8.29422603211334e-09,-0.000148506690717465,-0.000312041876661262,0,1.01182366017537e-05,-2.57914201382782e-06,-9.09411260033573e-06,0
"east_of_england","beta23",1.37997355677385e-07,3.71211677981055e-07,-5.66068092899216e-07,6.31034534045956e-08,1.85060493757848e-09,-7.96171936558051e-08,9.84147994059182e-08,2.15326717690989e-08,-1.93913129230734e-08,1.04061992314166e-07,1.03447394414708e-07,5.1449101778658e-08,5.85183485038524e-08,1.94608486297036e-08,7.5973811028333e-08,1.48165866653537e-07,1.5165724487436e-07,3.67841447835644e-07,-6.18378325244343e-07,1.64761671353976e-06,-2.04578321615528e-07,4.58162305716409e-07,6.34502180347608e-08,1.16952567736497e-06,0,0,-1.02206979562588e-08,0,0,0,0,0,0,0,9.45990236100425e-09,9.96431361117126e-10,2.29405618169031e-08,-1.98070800335252e-08,2.00483436859015e-08,7.4338062696634e-08,-4.072086355059e-07,-7.81843263232782e-07,1.81234121406207e-06,-2.09545618804561e-06,0,-8.65764366972769e-06,-2.44490682413382e-06,2.44719029288664e-07,-1.65574626186575e-05,1.61465376414572e-07,5.6379441807587e-08,-1.21393057074848e-06,0,-6.12752275132013e-07,-5.45431233295023e-07,3.3127425589883e-07,-2.63330995988495e-06,1.34815435539458e-09,7.27974702365719e-09,8.16977163214441e-09,8.06415789867598e-10,1.86680804529327e-08,1.90914509330995e-09,4.00568332872883e-09,9.2803650943414e-10,5.17765014341055e-10,5.58260619868653e-09,1.65384100378979e-06,-3.43739410850264e-07,1.75414294971964e-06,0,1.75210178352376e-06,4.76150927378956e-08,0,-2.56416609577203e-06,-2.34186308678339e-06,0,2.55379753433263e-10,-0.000143549138432082,-0.000257197095563933,0,-7.22537441458457e-06,-2.80235005631833e-06,-7.61144554139507e-06,0
"east_of_england","beta24",-1.21252820347388e-07,7.04911943497607e-07,1.37372273361857e-08,-8.49298267822374e-09,1.00557670783754e-07,6.51675568518455e-09,9.15426221012108e-09,-2.87346429673605e-08,3.56427896626382e-08,3.75926143659069e-08,6.52971562450481e-08,3.1228835222982e-08,3.28223665108954e-08,4.85930718342774e-08,-3.55285487223912e-10,-2.29111103382206e-07,1.75869981683156e-07,1.54560735189115e-07,3.23475822868955e-07,-2.04578321615528e-07,3.83865584429656e-07,3.72854943968229e-08,3.04756435288914e-07,-8.0998005287613e-08,0,0,3.17191638263645e-08,0,0,0,0,0,0,0,-1.90878764527609e-08,2.34555617817772e-08,-2.48473371483764e-08,2.70912498529047e-08,-3.05610595892401e-08,1.52962015984204e-08,1.91267558758873e-07,4.87392297001754e-07,9.56284892484973e-07,2.24441874838692e-06,0,-2.56076187470509e-06,-9.95127498919781e-07,4.4812120561787e-06,2.14443774118812e-05,-2.92356678884973e-07,2.49270621051081e-07,-2.859221437902e-07,0,1.0434225690749e-08,1.26216985069623e-07,-7.66696084674263e-08,8.78625138420244e-07,3.11972119794473e-09,2.04522457884086e-09,6.16132717058593e-09,4.61253933168222e-09,3.40351372651764e-09,-6.01942954044937e-10,7.40143097966514e-10,2.00906246891023e-09,7.84051010220003e-10,3.44392477536456e-09,1.87398741771645e-07,-6.09524434067979e-06,1.52820832060094e-06,0,-7.81142284979967e-07,-2.05237019274323e-07,0,5.13619243605666e-07,1.58198781726975e-06,0,1.40362117776419e-09,-8.88997457694307e-05,-0.000218630460461798,0,1.71803436560223e-05,-1.7849411513444e-06,-6.24005773457892e-06,0
"east_of_england","beta25",-6.22515576519437e-08,-1.2189871009288e-06,-1.22371537095348e-07,5.0838267768979e-09,1.80407704608547e-08,-3.38861739029032e-08,5.05329134645744e-08,-4.01178017686966e-08,5.35201219466699e-08,4.89482692357742e-08,1.09321600759438e-07,4.66313381085681e-08,6.14554802767617e-08,3.66724936143261e-08,5.03474086787117e-08,-6.88870194796199e-08,2.08473326809177e-07,2.49997967368479e-07,2.54089661799837e-07,4.58162305716409e-07,3.72854943968229e-08,4.64710416926661e-07,2.48892822458264e-08,1.23061491736981e-06,0,0,1.55297958079108e-08,0,0,0,0,0,0,0,-3.26861807982718e-09,7.64604492361284e-09,3.01723056814254e-08,-4.50571269301642e-09,-1.07972034656353e-08,6.09871780924247e-08,-3.6164187670368e-07,-2.81705306197336e-07,7.74863591110772e-07,2.29911021472766e-08,0,-4.43894986247089e-06,-3.91495156407423e-06,-1.98473255895745e-06,-2.9721421175597e-06,-1.53150407832184e-07,1.94573547337122e-07,-1.33257779991031e-06,0,-5.72838073032802e-07,-3.39468054767584e-07,-2.49200505710123e-09,-5.43757362723141e-07,5.72993060523581e-09,1.01267683356273e-08,1.21859605719957e-08,4.86863159639472e-09,1.13835611813772e-08,6.80010754244237e-09,5.63025896131746e-09,3.17040651836819e-09,2.30723360854655e-09,5.02504363469143e-09,1.08703069764888e-06,-1.17163053883675e-06,3.4767035290385e-07,0,1.79258045259239e-06,-1.27148364514166e-06,0,-5.68006216871396e-07,1.08796107115961e-06,0,-1.19780908002528e-09,-0.00014596750948257,-0.000295597146662049,0,-1.06390185253282e-05,-2.5568429889696e-06,-8.28687818416569e-06,0
"east_of_england","beta26",-5.85096453762775e-08,6.27467913398599e-07,-9.32901819110553e-08,8.99607850732526e-08,1.06330089657866e-07,-1.7533795371675e-08,4.73198486374278e-08,-2.76936226666267e-08,2.59853527220981e-08,6.7112534581731e-08,7.60198459339449e-08,4.34898590157945e-08,4.17548571677926e-08,7.16851970109219e-08,-1.72949372453329e-09,-2.31949777472162e-07,2.08785847250201e-07,1.73199408897091e-07,3.0877532079241e-07,6.34502180347608e-08,3.04756435288914e-07,2.48892822458264e-08,7.05692299617093e-07,-1.96548698171397e-06,0,0,2.49473442210154e-08,0,0,0,0,0,0,0,-1.30835152600834e-08,2.5633081665747e-08,-2.25455071849618e-08,2.21450882424079e-08,-1.52034557399361e-08,1.98187451628098e-08,5.69850715743378e-07,9.26444590416511e-08,1.51549060860972e-06,2.56441877615971e-06,0,-3.57354298738893e-06,-5.54359844443313e-07,6.02174013896325e-06,2.45974748456553e-05,-4.49214551156985e-08,3.61603495882432e-07,-5.04420998864457e-07,0,2.1765585868255e-07,1.29230396214281e-07,-9.42038375117973e-08,4.15468682989156e-07,5.95511412725858e-09,7.58494678448525e-09,8.91860693302837e-09,8.31182633386604e-09,1.02552969248977e-08,1.92463762286524e-09,5.54574492503065e-09,3.63766282782163e-09,3.22456286339644e-09,6.54933121308512e-09,-8.3515909730265e-07,-8.3315898901782e-06,1.33198414032215e-06,0,-1.36315935278045e-07,-1.61038991938178e-06,0,-7.74789141461894e-07,3.13701640307962e-06,0,-1.59039030611939e-09,-0.000115356951990375,-0.000224892867849316,0,1.63950056766551e-05,-2.2877136874618e-06,-6.60569843452767e-06,0
"east_of_england","beta27",-3.72167353749313e-07,-9.39522317569e-06,-1.4811663707753e-06,-1.32672583935561e-07,-5.86265746083758e-08,7.77187282221415e-08,8.04546974156428e-09,-1.28990960625448e-07,1.61261740519583e-07,1.38615267219004e-08,1.43735157810456e-07,5.48371979540278e-08,9.06815637922315e-08,-9.78540753719305e-09,1.54717087884141e-07,-2.98768205270037e-07,2.24380120754978e-07,5.92378752115148e-07,7.6428326506312e-08,1.16952567736497e-06,-8.0998005287613e-08,1.23061491736981e-06,-1.96548698171397e-06,2.0149086516358e-05,0,0,7.24503613618955e-08,0,0,0,0,0,0,0,-2.28025549591542e-08,4.63250125374183e-08,-1.09977935669483e-07,1.53762537451678e-07,-1.8189821474584e-08,-5.26676501521622e-08,-3.87645247477804e-06,-3.63236674687789e-06,-8.59202759486428e-07,-2.40140072280727e-06,0,-8.84769102819467e-06,-7.36964105342802e-06,1.72974447401328e-05,1.02463956314969e-05,-6.91878905641365e-07,-6.35345867643331e-07,-2.11068769936715e-06,0,-1.2507106453315e-06,-6.9375648210107e-07,-2.55693942009829e-07,-4.82798680413213e-06,1.49024262060539e-08,1.76862246256377e-08,2.05897401891823e-08,8.21905064840483e-09,2.23269098462695e-08,3.20593659935031e-08,7.9504887216638e-09,5.54646020080735e-09,4.18223005583604e-09,1.29665338270177e-08,6.70808297950138e-06,2.25465152045989e-05,2.09764559745016e-06,0,-9.54737044164201e-06,6.68976733548102e-06,0,1.14490013119287e-05,-1.29421503393397e-05,0,1.67354802828961e-09,-0.00019214963255305,-0.000689129227432886,0,-4.83216232494239e-05,-2.89913476043315e-06,-1.61063194398747e-05,0
"east_of_england","beta28",0,0,0,0,0,0,0,0,0,0,0,0,0,0,0,0,0,0,0,0,0,0,0,0,0,0,0,0,0,0,0,0,0,0,0,0,0,0,0,0,0,0,0,0,0,0,0,0,0,0,0,0,0,0,0,0,0,0,0,0,0,0,0,0,0,0,0,0,0,0,0,0,0,0,0,0,0,0,0,0,0,0,0,0,0
"east_of_england","beta29",0,0,0,0,0,0,0,0,0,0,0,0,0,0,0,0,0,0,0,0,0,0,0,0,0,0,0,0,0,0,0,0,0,0,0,0,0,0,0,0,0,0,0,0,0,0,0,0,0,0,0,0,0,0,0,0,0,0,0,0,0,0,0,0,0,0,0,0,0,0,0,0,0,0,0,0,0,0,0,0,0,0,0,0,0
"east_of_england","beta3",-1.72919633418468e-07,-1.34307754947034e-07,3.51175393813379e-07,1.56278607838298e-07,1.37260795346359e-07,-2.09700479709421e-09,2.5873032409265e-09,-1.06277976979418e-08,-2.77479605904303e-09,-1.85741704175835e-09,8.58081372130170e-09,-4.75855440294532e-09,-2.73970980637304e-09,1.96670636707905e-09,-9.70910366395567e-09,-1.34706975803826e-06,1.95640753173767e-08,1.39201461495048e-08,6.5180298711926e-08,-1.02206979562588e-08,3.17191638263645e-08,1.55297958079108e-08,2.49473442210154e-08,7.24503613618955e-08,0,0,2.30008199115648e-07,0,0,0,0,0,0,0,-1.48103179235329e-07,1.39724266578321e-07,-8.70726349531859e-08,5.11358067984105e-08,-5.5782306174437e-08,8.02651472358708e-09,-2.65847838057405e-07,-2.30724533632718e-07,-1.30633230344675e-06,-1.46094056668435e-06,0,1.38276325783327e-06,1.96353377260306e-06,4.9009957455639e-06,3.18703022136519e-06,1.7150991154331e-07,-1.75813434167651e-07,3.74874014953003e-08,0,5.05485668794884e-07,2.85418956281004e-07,-9.09595998417896e-08,1.11860786782548e-06,-5.27241770089656e-10,3.02000446971181e-10,1.90418893877265e-10,1.28049524545921e-09,1.51743547224081e-09,2.99819217038745e-10,-6.44804095484367e-10,2.23030178751093e-10,3.54874765316965e-11,-7.49168471683219e-10,-3.04777727252066e-07,1.60067626671618e-06,1.22055699143608e-06,0,2.27601205054728e-07,-1.63973646487014e-07,0,-5.60367273337325e-07,1.52348932350196e-06,0,7.58977953273121e-10,1.9478965632819e-06,-4.52864264731068e-05,0,7.09952283840951e-06,9.34979990393826e-08,-1.18606178839958e-06,0
"east_of_england","beta30",0,0,0,0,0,0,0,0,0,0,0,0,0,0,0,0,0,0,0,0,0,0,0,0,0,0,0,0,0,0,0,0,0,0,0,0,0,0,0,0,0,0,0,0,0,0,0,0,0,0,0,0,0,0,0,0,0,0,0,0,0,0,0,0,0,0,0,0,0,0,0,0,0,0,0,0,0,0,0,0,0,0,0,0,0
